################################################################################
# Collectl:   V3.7.4-1  HiRes: 1  Options: -scmsd -i 5 -R 1200s -oDm -P -f/tmp 
# Host:       resource-adaptor  DaemonOpts: 
# Booted:     1479330568.2 [20161116-21:09:28]
# Distro:     debian 8.6  Platform: Droplet
# Date:       20161116-212039  Secs: 1479331239 TZ: +0000
# SubSys:     cmsd Options: Dm Interval: 5 NumCPUs: 1  NumBud: 0 Flags: i
# Filters:    NfsFilt:  EnvFilt:  TcpFilt: ituc
# HZ:         100  Arch: x86_64-linux-gnu-thread-multi PageSize: 4096
# Cpu:        GenuineIntel Speed(MHz): 2399.998 Cores: 1  Siblings: 1 Nodes: 1
# Kernel:     3.16.0-4-amd64  Memory: 1024436 kB  Swap: 0 kB
# NumDisks:   1 DiskNames: vda
# NumNets:    6 NetNames: lo:?? veth1c15da6:10000 eth1:?? docker0:?? eth0:?? veth82831d2:10000
################################################################################
#Date Time [CPU]User% [CPU]Nice% [CPU]Sys% [CPU]Wait% [CPU]Irq% [CPU]Soft% [CPU]Steal% [CPU]Idle% [CPU]Totl% [CPU]Guest% [CPU]GuestN% [CPU]Intrpt/sec [CPU]Ctx/sec [CPU]Proc/sec [CPU]ProcQue [CPU]ProcRun [CPU]L-Avg1 [CPU]L-Avg5 [CPU]L-Avg15 [CPU]RunTot [CPU]BlkTot [MEM]Tot [MEM]Used [MEM]Free [MEM]Shared [MEM]Buf [MEM]Cached [MEM]Slab [MEM]Map [MEM]Anon [MEM]Commit [MEM]Locked [MEM]SwapTot [MEM]SwapUsed [MEM]SwapFree [MEM]SwapIn [MEM]SwapOut [MEM]Dirty [MEM]Clean [MEM]Laundry [MEM]Inactive [MEM]PageIn [MEM]PageOut [MEM]PageFaults [MEM]PageMajFaults [MEM]HugeTotal [MEM]HugeFree [MEM]HugeRsvd [MEM]SUnreclaim [SOCK]Used [SOCK]Tcp [SOCK]Orph [SOCK]Tw [SOCK]Alloc [SOCK]Mem [SOCK]Udp [SOCK]Raw [SOCK]Frag [SOCK]FragMem [DSK]ReadTot [DSK]WriteTot [DSK]OpsTot [DSK]ReadKBTot [DSK]WriteKBTot [DSK]KbTot [DSK]ReadMrgTot [DSK]WriteMrgTot [DSK]MrgTot
20161116 21:20:45.001 75 0 13 0 0 12 0 0 100 0 0 2709 8673 0 138 5 0.70 0.32 0.17 5 0 1024436 955132 69304 0 38120 557384 124480 96388 213464 737892 0 0 0 0 0 0 3272 0 0 287272 0 18 124 0 0 0 0 21920 388 5 0 4096 280 270 0 0 0 0 0 5 5 0 18 18 0 0 0
20161116 21:20:50.004 77 0 12 0 0 11 0 0 100 0 0 2424 8040 0 138 3 0.89 0.36 0.19 3 0 1024436 957736 66700 0 38128 558452 126280 96388 213164 737892 0 0 0 0 0 0 4340 0 0 287272 0 2 17 0 0 0 0 23740 389 5 0 4096 280 270 0 0 0 0 0 1 1 0 2 2 0 0 0
20161116 21:20:55.001 76 0 11 0 0 13 0 0 100 0 0 2361 7946 0 138 2 0.89 0.37 0.19 2 0 1024436 960848 63588 0 38136 559500 128136 96388 213392 737892 0 0 0 0 0 0 5368 0 0 287268 0 6 25 0 0 0 0 25580 389 5 0 4096 280 270 0 0 0 0 0 1 1 0 6 6 0 0 0
20161116 21:21:00.004 77 0 10 0 0 13 0 0 100 0 0 2260 7816 0 138 5 1.14 0.43 0.21 5 0 1024436 945760 78676 0 37880 543000 129088 96388 213808 737892 0 0 0 0 0 0 600 0 0 279108 0 1163 136 0 0 0 0 27392 388 5 0 4096 280 270 0 0 0 0 0 5 5 0 1163 1163 0 0 0
20161116 21:21:05.001 79 0 12 0 0 10 0 0 100 0 0 2561 8522 0 140 1 1.37 0.49 0.23 1 0 1024436 950512 73924 0 37892 544132 131200 96540 215076 741888 0 0 0 0 0 0 1544 0 0 279048 0 58 151 0 0 0 0 29468 393 6 0 4096 281 270 0 0 0 0 0 12 12 0 58 58 0 0 0
20161116 21:21:10.001 78 0 11 0 0 12 0 0 100 0 0 2610 8374 0 142 4 1.42 0.52 0.24 4 0 1024436 955216 69220 0 37900 545308 133332 96640 216172 745984 0 0 0 0 0 0 2588 0 0 279048 4 53 142 0 0 0 0 31612 395 7 0 4096 282 272 0 0 0 0 0 8 8 4 53 57 0 1 1
20161116 21:21:15.001 77 0 12 0 0 11 0 0 100 0 0 2328 7651 0 140 5 1.71 0.59 0.27 5 0 1024436 956416 68020 0 37908 546380 135056 96696 214704 745984 0 0 0 0 0 0 3684 0 0 279096 15 13 42 0 0 0 0 33324 392 6 0 4096 281 270 0 0 0 0 1 3 4 15 13 28 0 0 0
20161116 21:21:20.004 78 0 12 0 0 10 0 0 100 0 0 1868 6609 0 138 6 1.73 0.62 0.28 6 0 1024436 957200 67236 0 37916 547164 136428 96632 214140 741220 0 0 0 0 0 0 4492 0 0 279096 0 6 40 0 0 0 0 34700 389 5 0 4096 280 270 0 0 0 0 0 1 1 0 6 6 0 0 0
20161116 21:21:25.001 77 0 11 0 0 11 0 0 100 0 0 2493 8194 0 138 3 1.99 0.69 0.30 2 0 1024436 960340 64096 0 37924 548284 138296 96632 214348 741220 0 0 0 0 0 0 5620 0 0 279108 0 6 30 0 0 0 0 36572 388 5 0 4096 280 270 0 0 0 0 0 2 2 0 6 6 0 0 0
20161116 21:21:30.001 76 0 11 0 0 13 0 0 100 0 0 2580 8576 0 138 4 2.15 0.74 0.32 4 0 1024436 963356 61080 0 37932 549436 140348 96632 214088 741220 0 0 0 0 0 0 476 0 0 279100 0 1267 133 0 0 0 0 38628 389 5 0 4096 280 270 0 0 0 0 0 4 4 0 1267 1267 0 0 0
20161116 21:21:35.001 24 0 3 0 0 3 0 69 31 0 0 653 2477 0 138 0 1.98 0.73 0.32 0 0 1024436 961108 63328 0 37948 549820 140344 96632 214068 741220 0 0 0 0 0 0 896 0 0 279100 0 14 1 0 0 0 0 38704 133 5 0 4096 24 0 0 0 0 0 0 3 3 0 14 14 0 0 0
20161116 21:21:40.008 0 0 0 0 0 0 0 99 1 0 0 32 99 0 138 1 1.82 0.72 0.32 1 0 1024436 961232 63204 0 37964 549812 140316 97400 214080 741220 0 0 0 0 0 0 744 0 0 279028 0 141 5 0 0 0 0 38692 133 5 0 4096 24 0 0 0 0 0 0 22 22 0 141 141 0 0 0
20161116 21:21:45.001 0 0 0 0 0 0 0 100 0 0 0 37 78 0 138 0 1.68 0.71 0.32 0 0 1024436 960244 64192 0 37964 549828 139448 97400 214084 741220 0 0 0 0 0 0 616 0 0 278992 0 26 0 0 0 0 0 37864 133 5 0 1458 24 0 0 0 0 0 0 4 4 0 26 26 0 3 3
20161116 21:21:50.004 0 0 0 0 0 0 0 99 0 0 0 13 26 0 138 1 1.54 0.70 0.31 1 0 1024436 960104 64332 0 37972 549828 139268 97400 214084 741220 0 0 0 0 0 0 640 0 0 278992 0 6 0 0 0 0 0 37720 133 5 0 1458 24 0 0 0 0 0 0 2 2 0 6 6 0 0 0
20161116 21:21:55.001 0 0 0 0 0 0 0 100 0 0 0 11 24 0 138 0 1.42 0.68 0.31 0 0 1024436 959980 64456 0 37972 549828 139204 97400 214084 741220 0 0 0 0 0 0 616 0 0 278992 0 5 0 0 0 0 0 37644 133 5 0 1458 24 0 0 0 0 0 0 0 0 0 5 5 0 0 0
20161116 21:22:00.004 0 0 0 0 0 0 0 99 1 0 0 17 41 0 138 1 1.31 0.67 0.31 1 0 1024436 959856 64580 0 37980 549828 139088 97400 214084 741220 0 0 0 0 0 0 56 0 0 278992 0 135 102 0 0 0 0 37528 133 5 0 766 24 0 0 0 0 0 0 4 4 0 135 135 0 0 0
20161116 21:22:05.001 3 0 0 0 0 0 0 97 3 0 0 18 40 0 138 0 1.20 0.66 0.31 0 0 1024436 959856 64580 0 37980 549828 139020 97400 214084 741220 0 0 0 0 0 0 56 0 0 278992 0 0 0 0 0 0 0 37460 133 5 0 766 24 0 0 0 0 0 0 0 0 0 0 0 0 0 0
20161116 21:22:10.004 0 0 0 0 0 0 0 100 0 0 0 11 23 0 138 1 1.11 0.65 0.31 1 0 1024436 959856 64580 0 37980 549828 138968 97400 214084 741220 0 0 0 0 0 0 56 0 0 278992 0 0 0 0 0 0 0 37432 133 5 0 766 24 0 0 0 0 0 0 0 0 0 0 0 0 0 0
20161116 21:22:15.001 0 0 0 0 0 0 0 100 0 0 0 10 23 0 138 0 1.02 0.64 0.31 0 0 1024436 959856 64580 0 37980 549828 138972 97400 214088 741220 0 0 0 0 0 0 56 0 0 278992 0 0 0 0 0 0 0 37428 133 5 0 766 24 0 0 0 0 0 0 0 0 0 0 0 0 0 0
20161116 21:22:20.004 1 0 0 0 0 0 0 99 1 0 0 17 33 0 138 1 0.94 0.63 0.31 1 0 1024436 959988 64448 0 37980 549940 139084 97448 214088 741220 0 0 0 0 0 0 0 0 0 279104 22 34 98 0 0 0 0 37532 133 5 0 766 24 0 0 0 0 0 1 7 8 22 34 56 0 0 0
20161116 21:22:25.001 1 0 0 0 0 0 0 99 1 0 0 25 47 0 138 1 0.86 0.62 0.30 1 0 1024436 959980 64456 0 37988 549960 139040 97448 214088 741220 0 0 0 0 0 0 40 0 0 279112 0 5 0 0 0 0 0 37488 133 5 0 766 24 0 0 0 0 0 0 1 1 0 5 5 0 0 0
20161116 21:22:30.001 0 0 0 0 0 0 0 100 0 0 0 16 37 0 138 1 0.79 0.61 0.30 1 0 1024436 959980 64456 0 37988 549960 139024 97448 214088 741220 0 0 0 0 0 0 40 0 0 279112 0 5 100 0 0 0 0 37472 133 5 0 766 24 0 0 0 0 0 0 1 1 0 5 5 0 0 0
20161116 21:22:35.001 60 0 10 0 0 9 0 21 79 0 0 1826 6091 0 138 2 0.73 0.60 0.30 2 0 1024436 950660 73776 0 37996 533192 140728 97448 214028 741220 0 0 0 0 0 0 908 0 0 277308 0 10 23 0 0 0 0 39660 645 5 0 2167 536 525 0 0 0 0 0 2 2 0 10 10 0 0 0
20161116 21:22:40.001 77 0 11 0 0 12 0 0 100 0 0 2662 8747 0 138 3 1.07 0.67 0.33 3 0 1024436 952752 71684 0 38004 534360 141328 97448 214360 741220 0 0 0 0 0 0 2076 0 0 277308 0 2 38 0 0 0 0 40304 645 5 0 4096 536 525 0 0 0 0 0 1 1 0 2 2 0 0 0
20161116 21:22:45.001 78 0 11 0 0 11 0 0 100 0 0 2704 8796 0 138 2 1.14 0.69 0.33 2 0 1024436 954216 70220 0 38012 535536 141388 97448 214456 741220 0 0 0 0 0 0 3252 0 0 277308 0 2 23 0 0 0 0 40380 645 5 0 4096 536 525 0 0 0 0 0 1 1 0 2 2 0 0 0
20161116 21:22:50.004 78 0 11 0 0 11 0 0 100 0 0 2423 8054 0 138 5 1.13 0.70 0.34 5 0 1024436 955220 69216 0 38020 536580 141468 97448 214436 741220 0 0 0 0 0 0 4296 0 0 277308 0 2 21 0 0 0 0 40468 645 5 0 4096 536 525 0 0 0 0 0 1 1 0 2 2 0 0 0
20161116 21:22:55.001 76 0 12 0 0 11 0 0 100 0 0 2173 7459 0 140 2 1.20 0.72 0.35 2 0 1024436 957800 66636 0 38028 537612 141564 97624 215516 741220 0 0 0 0 0 0 5324 0 0 277404 14 12 154 0 0 0 0 40544 648 6 0 4096 537 525 0 0 0 0 1 2 3 14 12 26 0 0 0
20161116 21:23:00.004 76 0 12 0 0 12 0 0 100 0 0 2190 7409 1 140 5 1.35 0.76 0.36 5 0 1024436 958788 65648 0 38036 538604 141684 97644 215536 745232 0 0 0 0 0 0 6272 0 0 277452 17 24 260 0 0 0 0 40652 649 6 0 4096 537 525 0 0 0 0 0 6 6 17 24 41 0 0 0
20161116 21:23:05.001 78 0 11 0 0 11 0 0 100 0 0 2658 8600 0 138 4 1.48 0.79 0.38 4 0 1024436 959004 65432 0 38044 539840 141656 97648 214400 740332 0 0 0 0 0 0 7436 0 0 277536 18 11 34 0 0 0 0 40616 644 6 1 4096 537 527 0 0 0 0 1 3 4 18 11 29 0 0 0
20161116 21:23:10.001 75 0 13 0 0 12 0 0 100 0 0 2544 8322 0 138 6 1.60 0.83 0.39 6 0 1024436 959628 64808 0 38052 540916 141704 97640 214404 740332 0 0 0 0 0 0 1128 0 0 277536 0 1492 19 0 0 0 0 40672 645 5 0 4096 536 526 0 0 0 0 0 15 15 0 1492 1492 0 0 0
20161116 21:23:15.001 79 0 11 0 0 10 0 0 100 0 0 2369 7866 0 138 5 1.79 0.88 0.41 5 0 1024436 960564 63872 0 38060 541920 141644 97640 214228 740332 0 0 0 0 0 0 2132 0 0 277536 0 2 7 0 0 0 0 40612 645 5 0 4096 536 526 0 0 0 0 0 1 1 0 2 2 0 0 0
20161116 21:23:20.004 76 0 12 0 0 12 0 0 100 0 0 2730 8843 0 138 8 2.05 0.95 0.43 8 0 1024436 962156 62280 0 38068 543108 141724 97640 214584 740332 0 0 0 0 0 0 3320 0 0 277536 0 2 38 0 0 0 0 40704 644 5 0 4096 536 526 0 0 0 0 0 1 1 0 2 2 0 0 0
20161116 21:23:25.001 77 0 12 0 0 11 0 0 100 0 0 2482 8167 0 138 3 2.21 1.00 0.45 3 0 1024436 963112 61324 0 38076 544204 141824 97640 214436 740332 0 0 0 0 0 0 4424 0 0 277544 0 3 19 0 0 0 0 40808 645 5 0 4096 536 526 0 0 0 0 0 1 1 0 3 3 0 0 0
20161116 21:23:30.004 78 0 10 0 0 12 0 0 100 0 0 2382 7937 0 138 5 2.35 1.05 0.47 5 0 1024436 946064 78372 0 33652 532200 140940 97608 214440 740332 0 0 0 0 0 0 5444 0 0 274936 0 14 122 0 0 0 0 40792 645 5 0 4096 536 526 0 0 0 0 0 3 3 0 14 14 0 0 0
20161116 21:23:35.001 35 0 5 0 0 3 0 57 43 0 0 875 3348 0 138 0 2.16 1.04 0.47 0 0 1024436 939124 85312 0 33660 532748 139504 97608 214104 740332 0 0 0 0 0 0 5964 0 0 274936 0 15 2 0 0 0 0 39652 133 5 0 3189 24 0 0 0 0 0 0 4 4 0 15 15 0 0 0
20161116 21:23:40.004 0 0 0 0 0 0 0 100 0 0 0 11 25 0 138 1 1.99 1.02 0.47 1 0 1024436 939000 85436 0 33660 532748 139352 97608 214108 740332 0 0 0 0 0 0 60 0 0 274936 0 1180 1 0 0 0 0 39572 133 5 0 3189 24 0 0 0 0 0 0 3 3 0 1180 1180 0 0 0
20161116 21:23:45.001 0 0 0 0 0 0 0 100 0 0 0 64 135 0 138 0 1.83 1.00 0.46 0 0 1024436 938272 86164 0 33668 532748 138656 97608 214108 740332 0 0 0 0 0 0 64 0 0 274936 0 4 0 0 0 0 0 38924 133 5 0 3189 24 0 0 0 0 0 0 1 1 0 4 4 0 0 0
20161116 21:23:50.008 0 0 0 0 0 0 0 100 0 0 0 12 25 0 138 1 1.68 0.98 0.46 1 0 1024436 937740 86696 0 33668 532748 137944 97608 214108 740332 0 0 0 0 0 0 64 0 0 274936 0 0 0 0 0 0 0 38240 133 5 0 0 24 0 0 0 0 0 0 0 0 0 0 0 0 0 0
20161116 21:23:55.001 0 0 0 0 0 0 0 100 0 0 0 10 23 0 138 0 1.55 0.97 0.46 0 0 1024436 937492 86944 0 33668 532748 137920 97608 214108 740332 0 0 0 0 0 0 40 0 0 274936 0 5 0 0 0 0 0 38196 133 5 0 0 24 0 0 0 0 0 0 0 0 0 5 5 0 0 0
20161116 21:24:00.001 0 0 0 0 0 0 0 99 1 0 0 14 36 0 138 1 1.42 0.95 0.46 1 0 1024436 919504 104932 0 33676 532748 137908 97608 196084 740332 0 0 0 0 0 0 48 0 0 274936 0 10 102 0 0 0 0 38184 133 5 0 0 24 0 0 0 0 0 0 2 2 0 10 10 0 0 0
20161116 21:24:05.001 2 0 0 0 0 0 0 97 3 0 0 18 41 0 138 0 1.31 0.94 0.45 0 0 1024436 919504 104932 0 33684 532748 137900 97608 196088 740332 0 0 0 0 0 0 48 0 0 274936 0 8 0 0 0 0 0 38176 133 5 0 0 24 0 0 0 0 0 0 2 2 0 8 8 0 0 0
20161116 21:24:10.004 0 0 0 0 0 0 0 100 0 0 0 10 21 0 138 1 1.20 0.92 0.45 1 0 1024436 919504 104932 0 33684 532748 137860 97608 196088 740332 0 0 0 0 0 0 0 0 0 274936 0 10 0 0 0 0 0 38152 133 5 0 0 24 0 0 0 0 0 0 2 2 0 10 10 0 0 0
20161116 21:24:15.001 0 0 0 0 0 0 0 100 0 0 0 9 21 0 138 0 1.11 0.91 0.45 0 0 1024436 919504 104932 0 33684 532748 137856 97608 196088 740332 0 0 0 0 0 0 0 0 0 274936 0 0 0 0 0 0 0 38148 133 5 0 0 24 0 0 0 0 0 0 0 0 0 0 0 0 0 0
20161116 21:24:20.008 0 0 0 0 0 0 0 99 1 0 0 11 25 0 138 1 1.02 0.89 0.45 1 0 1024436 919504 104932 0 33684 532748 137848 97608 196092 740332 0 0 0 0 0 0 0 0 0 274936 0 0 1 0 0 0 0 38144 133 5 0 0 24 0 0 0 0 0 0 0 0 0 0 0 0 0 0
20161116 21:24:25.001 0 0 0 0 0 0 0 100 0 0 0 9 22 0 138 0 0.94 0.88 0.44 0 0 1024436 919504 104932 0 33684 532768 137856 97608 196092 740332 0 0 0 0 0 0 24 0 0 274936 0 0 0 0 0 0 0 38148 133 5 0 0 24 0 0 0 0 0 0 0 0 0 0 0 0 0 0
20161116 21:24:30.001 1 0 0 0 0 0 0 99 1 0 0 28 58 0 138 1 0.86 0.86 0.44 1 0 1024436 919504 104932 0 33692 532768 137876 97608 196092 740332 0 0 0 0 0 0 28 0 0 274944 0 7 100 0 0 0 0 38160 133 5 0 0 24 0 0 0 0 0 0 2 2 0 7 7 0 0 0
20161116 21:24:35.001 58 0 8 0 0 11 0 22 78 0 0 1536 4921 0 138 1 1.11 0.91 0.46 1 0 1024436 932304 92132 0 33700 533312 141492 97608 197112 740332 0 0 0 0 0 0 588 0 0 274944 0 15 52 0 0 0 0 41124 979 5 0 1008 870 859 0 0 0 0 0 3 3 0 15 15 0 0 0
20161116 21:24:40.004 75 0 12 0 0 13 0 0 100 0 0 2481 8035 1 141 6 1.58 1.02 0.50 6 0 1024436 940188 84248 0 34752 534708 142600 97840 198356 740332 0 0 0 0 0 0 2056 0 0 274952 279 54 325 0 0 0 0 42016 1161 6 0 2848 1049 1037 0 0 0 0 56 14 69 279 54 333 0 0 0
20161116 21:24:45.001 79 0 10 0 0 11 0 0 100 0 0 2684 8637 0 143 3 1.70 1.05 0.51 3 0 1024436 946116 78320 0 34760 535888 142968 97908 200916 744432 0 0 0 0 0 0 3260 0 0 274956 0 6 203 0 0 0 0 42384 1163 7 0 4096 1050 1038 0 0 0 0 0 1 1 0 6 6 0 0 0
20161116 21:24:50.004 75 0 13 0 0 12 0 0 100 0 0 2238 7644 0 141 3 1.96 1.11 0.53 3 0 1024436 946020 78416 0 34768 536824 142924 97912 200240 744432 0 0 0 0 0 0 4240 0 0 274956 1 6 59 0 0 0 0 42340 1160 6 0 4096 1049 1037 0 0 0 0 0 1 2 1 6 6 0 0 0
20161116 21:24:55.001 76 0 11 0 0 12 0 0 100 0 0 2524 8292 0 139 4 2.21 1.18 0.56 4 0 1024436 945880 78556 0 34776 537920 142868 97828 199272 744432 0 0 0 0 0 0 5356 0 0 274952 0 6 26 0 0 0 0 42292 1157 5 0 4096 1048 1037 0 0 0 0 0 1 1 0 6 6 0 0 0
20161116 21:25:00.004 78 0 10 0 0 12 0 0 100 0 0 2240 7702 0 139 6 2.35 1.22 0.58 6 0 1024436 946876 77560 0 34784 538880 142828 97828 199424 744432 0 0 0 0 0 0 6316 0 0 274952 0 16 123 0 0 0 0 42240 1157 5 0 4096 1048 1037 0 0 0 0 0 4 4 0 16 16 0 0 0
20161116 21:25:05.001 78 0 10 0 0 12 0 0 100 0 0 2576 8427 0 139 2 2.56 1.29 0.60 2 0 1024436 948248 76188 0 34792 539992 142852 97828 199500 744432 0 0 0 0 0 0 1408 0 0 274952 0 1218 26 0 0 0 0 42260 1156 5 0 4096 1048 1038 0 0 0 0 0 5 5 0 1218 1218 0 0 0
20161116 21:25:10.004 77 0 12 0 0 11 0 0 100 0 0 2683 8697 0 139 6 2.44 1.28 0.60 6 0 1024436 949356 75080 0 34800 541148 142820 97828 199472 744432 0 0 0 0 0 0 2280 0 0 274952 0 60 24 0 0 0 0 42240 1157 5 0 4096 1048 1038 0 0 0 0 0 10 10 0 60 60 0 5 5
20161116 21:25:15.001 78 0 12 0 0 11 0 0 100 0 0 2561 8363 0 139 1 2.64 1.34 0.63 1 0 1024436 950608 73828 0 34808 542248 142904 97828 199640 744432 0 0 0 0 0 0 3112 0 0 274952 0 64 24 0 0 0 0 42324 1157 5 0 4096 1048 1038 0 0 0 0 0 13 13 0 64 64 0 0 0
20161116 21:25:20.004 77 0 10 0 0 13 0 0 100 0 0 2643 8677 0 139 3 2.67 1.37 0.64 3 0 1024436 951928 72508 0 34816 543408 142868 97828 199772 744432 0 0 0 0 0 0 4272 0 0 274952 0 2 22 0 0 0 0 42292 1157 5 0 4096 1048 1038 0 0 0 0 0 1 1 0 2 2 0 0 0
20161116 21:25:25.001 76 0 13 0 0 11 0 0 100 0 0 2675 8471 0 139 4 2.86 1.43 0.66 4 0 1024436 953040 71396 0 34824 544576 142848 97828 199716 744432 0 0 0 0 0 0 5448 0 0 274956 0 3 21 0 0 0 0 42272 1157 5 0 4096 1048 1038 0 0 0 0 0 1 1 0 3 3 0 0 0
20161116 21:25:30.001 77 0 11 0 0 12 0 0 100 0 0 2674 8644 0 139 3 2.87 1.46 0.67 3 0 1024436 954300 70136 0 34832 545732 142928 97828 199804 744432 0 0 0 0 0 0 6604 0 0 274956 0 7 123 0 0 0 0 42356 1157 5 0 4096 1048 1038 0 0 0 0 0 2 2 0 7 7 0 0 0
20161116 21:25:35.001 56 0 8 0 0 7 0 29 71 0 0 1158 5069 0 139 0 2.64 1.43 0.67 0 0 1024436 939964 84472 0 34840 546568 139736 97828 199876 744432 0 0 0 0 0 0 616 0 0 274956 0 1384 22 0 0 0 0 39824 133 5 0 1677 24 0 0 0 0 0 0 6 6 0 1384 1384 0 0 0
20161116 21:25:40.004 0 0 0 0 0 0 0 100 0 0 0 10 23 0 139 1 2.43 1.41 0.67 1 0 1024436 939824 84612 0 34848 546568 139508 97828 199876 744432 0 0 0 0 0 0 620 0 0 274956 0 4 0 0 0 0 0 39660 133 5 0 1677 24 0 0 0 0 0 0 1 1 0 4 4 0 0 0
20161116 21:25:45.001 0 0 0 0 0 0 0 100 0 0 0 127 261 0 139 0 2.23 1.39 0.66 0 0 1024436 938704 85732 0 34848 546568 138380 97828 199880 744432 0 0 0 0 0 0 552 0 0 274956 0 14 0 0 0 0 0 38564 133 5 0 1677 24 0 0 0 0 0 0 3 3 0 14 14 0 0 0
20161116 21:25:50.008 0 0 0 0 0 0 0 100 0 0 0 12 26 0 139 1 2.05 1.36 0.66 1 0 1024436 938188 86248 0 34848 546568 137944 97828 199880 744432 0 0 0 0 0 0 552 0 0 274956 0 0 0 0 0 0 0 38156 133 5 0 0 24 0 0 0 0 0 0 0 0 0 0 0 0 0 0
20161116 21:25:55.002 0 0 0 0 0 0 0 100 0 0 0 12 24 0 139 0 1.89 1.34 0.66 0 0 1024436 938188 86248 0 34848 546568 137868 97828 199880 744432 0 0 0 0 0 0 532 0 0 274956 0 4 0 0 0 0 0 38068 133 5 0 0 24 0 0 0 0 0 0 0 0 0 4 4 0 0 0
20161116 21:26:00.001 0 0 0 0 0 0 0 100 0 0 0 15 36 0 139 1 1.74 1.32 0.65 1 0 1024436 938188 86248 0 34856 546568 137844 97828 199880 744432 0 0 0 0 0 0 544 0 0 274956 0 10 102 0 0 0 0 38040 133 5 0 0 24 0 0 0 0 0 0 2 2 0 10 10 0 0 0
20161116 21:26:05.001 2 0 0 0 0 0 0 98 2 0 0 19 41 0 139 0 1.60 1.30 0.65 0 0 1024436 938064 86372 0 34864 546568 137812 97828 199880 744432 0 0 0 0 0 0 56 0 0 274956 0 118 0 0 0 0 0 38004 133 5 0 0 24 0 0 0 0 0 0 3 3 0 118 118 0 0 0
20161116 21:26:10.001 0 0 0 0 0 0 0 100 0 0 0 10 22 0 139 1 1.47 1.27 0.65 1 0 1024436 938064 86372 0 34864 546568 137756 97828 199880 744432 0 0 0 0 0 0 56 0 0 274956 0 0 0 0 0 0 0 37976 133 5 0 0 24 0 0 0 0 0 0 0 0 0 0 0 0 0 0
20161116 21:26:15.001 0 0 0 0 0 0 0 100 0 0 0 10 22 0 139 0 1.35 1.25 0.64 0 0 1024436 938064 86372 0 34864 546568 137756 97828 199880 744432 0 0 0 0 0 0 56 0 0 274956 0 0 0 0 0 0 0 37964 133 5 0 0 24 0 0 0 0 0 0 0 0 0 0 0 0 0 0
20161116 21:26:20.008 0 0 0 0 0 0 0 100 0 0 0 10 21 0 139 1 1.25 1.23 0.64 1 0 1024436 938064 86372 0 34864 546568 137740 97828 199880 744432 0 0 0 0 0 0 56 0 0 274956 0 0 0 0 0 0 0 37948 133 5 0 0 24 0 0 0 0 0 0 0 0 0 0 0 0 0 0
20161116 21:26:25.001 0 0 0 0 0 0 0 100 0 0 0 11 23 0 139 0 1.15 1.21 0.64 0 0 1024436 938064 86372 0 34864 546588 137748 97828 199880 744432 0 0 0 0 0 0 80 0 0 274956 0 0 0 0 0 0 0 37952 133 5 0 0 24 0 0 0 0 0 0 0 0 0 0 0 0 0 0
20161116 21:26:30.011 1 0 0 0 0 0 0 98 2 0 0 34 73 1 141 2 1.05 1.19 0.63 1 0 1024436 939692 84744 0 34880 546592 137872 97928 200988 744432 0 0 0 0 0 0 220 0 0 274968 0 11 226 0 0 0 0 38068 137 6 0 0 25 0 0 0 0 0 0 3 3 0 11 11 0 0 0
20161116 21:26:35.001 57 0 10 0 0 11 0 23 77 0 0 1995 5768 0 143 1 1.29 1.24 0.65 1 0 1024436 949240 75196 0 33788 531452 146024 97444 202772 748440 0 0 0 0 0 0 980 0 0 274768 0 15 189 0 0 0 0 45656 2101 7 0 1310 1987 1974 0 0 0 0 0 4 4 0 15 15 0 0 0
20161116 21:26:40.001 77 0 11 0 0 12 0 0 100 0 0 2580 8536 0 141 2 1.51 1.28 0.67 2 0 1024436 948248 76188 0 32812 523108 145088 95884 203572 748440 0 0 0 0 0 0 2160 0 0 270116 0 6 122 0 0 0 0 46360 2184 6 0 3350 2073 2062 0 0 0 0 0 1 1 0 6 6 0 0 0
20161116 21:26:45.001 76 0 11 0 0 12 0 0 100 0 0 2610 8613 0 139 2 1.47 1.28 0.67 2 0 1024436 938812 85624 0 32732 516164 143080 95688 203404 743268 0 0 0 0 0 0 3324 0 0 265604 0 6 69 0 0 0 0 46440 2181 5 0 4096 2072 2062 0 0 0 0 0 1 1 0 6 6 0 0 0
20161116 21:26:50.001 79 0 11 0 0 11 0 0 100 0 0 2111 7284 0 139 5 1.75 1.34 0.70 5 0 1024436 939808 84628 0 32740 517096 143156 95688 203360 743268 0 0 0 0 0 0 4256 0 0 265604 0 2 17 0 0 0 0 46544 2181 5 0 4096 2072 2062 0 0 0 0 0 1 1 0 2 2 0 0 0
20161116 21:26:55.001 76 0 12 0 0 12 0 0 100 0 0 2656 8624 0 139 3 1.93 1.38 0.71 3 0 1024436 941120 83316 0 32748 518232 143156 95688 203636 743268 0 0 0 0 0 0 5380 0 0 265604 0 10 28 0 0 0 0 46536 2181 5 0 4096 2072 2062 0 0 0 0 0 1 1 0 10 10 0 0 0
20161116 21:27:00.004 77 0 12 0 0 10 0 0 100 0 0 2378 7999 0 139 5 2.10 1.43 0.73 5 0 1024436 942264 82172 0 32756 519268 143176 95688 203392 743268 0 0 0 0 0 0 6416 0 0 265604 0 8 134 0 0 0 0 46556 2181 5 0 4096 2072 2062 0 0 0 0 0 2 2 0 8 8 0 0 0
20161116 21:27:05.001 78 0 12 0 0 11 0 0 100 0 0 2133 7240 0 139 4 2.33 1.49 0.75 4 0 1024436 943796 80640 0 32764 520176 143300 95688 204104 743268 0 0 0 0 0 0 672 0 0 265604 0 1345 51 0 0 0 0 46680 2180 5 0 4096 2072 2062 0 0 0 0 0 15 15 0 1345 1345 0 0 0
20161116 21:27:10.004 78 0 9 0 0 13 0 0 100 0 0 2514 8325 0 139 4 2.54 1.55 0.78 4 0 1024436 944792 79644 0 32772 521276 143240 95688 203956 743268 0 0 0 0 0 0 1700 0 0 265604 0 16 28 0 0 0 0 46632 2181 5 0 4096 2072 2062 0 0 0 0 0 3 3 0 16 16 0 1 1
20161116 21:27:15.001 76 0 11 0 0 13 0 0 100 0 0 2607 8620 0 139 2 2.50 1.55 0.78 2 0 1024436 945820 78616 0 32780 522424 143212 95688 204004 743268 0 0 0 0 0 0 2848 0 0 265604 0 2 24 0 0 0 0 46608 2181 5 0 4096 2072 2062 0 0 0 0 0 1 1 0 2 2 0 0 0
20161116 21:27:20.001 78 0 11 0 0 10 0 0 100 0 0 2226 7560 0 139 6 2.38 1.54 0.78 6 0 1024436 946864 77572 0 32788 523376 143192 95688 203948 743268 0 0 0 0 0 0 3800 0 0 265604 0 2 38 0 0 0 0 46592 2181 5 0 4096 2072 2062 0 0 0 0 0 1 1 0 2 2 0 0 0
20161116 21:27:25.001 77 0 11 0 0 12 0 0 100 0 0 2649 8738 0 139 4 2.43 1.57 0.80 4 0 1024436 947948 76488 0 32796 524564 143184 95688 203908 743268 0 0 0 0 0 0 4996 0 0 265612 0 3 27 0 0 0 0 46580 2181 5 0 4096 2072 2062 0 0 0 0 0 1 1 0 3 3 0 0 0
20161116 21:27:30.004 78 0 11 0 0 11 0 0 100 0 0 2623 8683 0 139 7 2.55 1.61 0.81 7 0 1024436 948940 75496 0 32804 525728 143180 95688 204036 743268 0 0 0 0 0 0 6160 0 0 265612 0 7 141 0 0 0 0 46576 2181 5 0 4096 2072 2062 0 0 0 0 0 2 2 0 7 7 0 0 0
20161116 21:27:35.001 79 0 12 0 0 9 0 0 100 0 0 1605 7272 0 139 3 2.59 1.63 0.82 3 0 1024436 923128 101308 0 32812 525616 137620 95688 204312 743268 0 0 0 0 0 0 984 0 0 265500 0 1318 42 0 0 0 0 42236 417 5 0 1224 308 297 0 0 0 0 0 7 7 0 1318 1318 0 0 0
20161116 21:27:40.001 9 0 2 0 0 0 0 88 12 0 0 147 854 0 139 1 2.38 1.60 0.82 1 0 1024436 918332 106104 0 32820 525756 136296 95688 204336 743268 0 0 0 0 0 0 1128 0 0 265500 0 2 1 0 0 0 0 41232 133 5 0 1224 24 0 0 0 0 0 0 1 1 0 2 2 0 0 0
20161116 21:27:45.001 0 0 0 0 0 0 0 100 0 0 0 195 404 0 139 0 2.19 1.58 0.82 0 0 1024436 917364 107072 0 32820 525756 135284 95688 204336 743268 0 0 0 0 0 0 1128 0 0 265500 0 0 0 0 0 0 0 40272 133 5 0 1224 24 0 0 0 0 0 0 0 0 0 0 0 0 0 0
20161116 21:27:50.008 0 0 0 0 0 0 0 100 0 0 0 40 83 0 139 2 2.02 1.55 0.81 2 0 1024436 916704 107732 0 32820 525756 134696 95688 204336 743268 0 0 0 0 0 0 1128 0 0 265500 0 0 0 0 0 0 0 39704 133 5 0 0 24 0 0 0 0 0 0 0 0 0 0 0 0 0 0
20161116 21:27:55.001 0 0 0 0 0 0 0 100 0 0 0 9 21 0 139 0 1.85 1.53 0.81 0 0 1024436 916580 107856 0 32820 525756 134624 95688 204348 743268 0 0 0 0 0 0 1128 0 0 265500 0 0 1 0 0 0 0 39628 133 5 0 0 24 0 0 0 0 0 0 0 0 0 0 0 0 0 0
20161116 21:28:00.001 0 0 0 0 0 0 0 99 1 0 0 15 36 0 139 1 1.71 1.50 0.80 1 0 1024436 916580 107856 0 32820 525756 134612 95688 204348 743268 0 0 0 0 0 0 1128 0 0 265500 0 6 102 0 0 0 0 39600 133 5 0 0 24 0 0 0 0 0 0 1 1 0 6 6 0 0 0
20161116 21:28:05.001 2 0 1 0 0 0 0 97 3 0 0 19 41 0 139 0 1.57 1.47 0.80 0 0 1024436 916580 107856 0 32828 525756 134604 95688 204348 743268 0 0 0 0 0 0 48 0 0 265500 0 227 0 0 0 0 0 39592 133 5 0 0 24 0 0 0 0 0 0 4 4 0 227 227 0 0 0
20161116 21:28:10.001 0 0 0 0 0 0 0 100 0 0 0 8 19 0 139 1 1.44 1.45 0.79 1 0 1024436 916576 107860 0 32828 525756 134548 95688 204348 743268 0 0 0 0 0 0 48 0 0 265500 0 0 0 0 0 0 0 39552 133 5 0 0 24 0 0 0 0 0 0 0 0 0 0 0 0 0 0
20161116 21:28:15.001 0 0 0 0 0 0 0 100 0 0 0 9 22 0 139 0 1.33 1.43 0.79 0 0 1024436 916576 107860 0 32828 525756 134548 95688 204348 743268 0 0 0 0 0 0 48 0 0 265500 0 0 0 0 0 0 0 39552 133 5 0 0 24 0 0 0 0 0 0 0 0 0 0 0 0 0 0
20161116 21:28:20.001 0 0 0 0 0 0 0 99 1 0 0 17 39 0 141 1 1.22 1.40 0.78 1 0 1024436 917512 106924 0 32828 525760 134596 95792 205464 747264 0 0 0 0 0 0 204 0 0 265500 0 0 130 0 0 0 0 39596 136 6 0 0 25 0 0 0 0 0 0 0 0 0 0 0 0 0 0
20161116 21:28:25.001 1 0 0 0 0 0 0 99 1 0 0 22 47 0 141 0 1.12 1.38 0.78 0 0 1024436 918184 106252 0 32836 525840 134688 95796 205460 747264 0 0 0 0 0 0 292 0 0 265564 9 6 129 0 0 0 0 39680 137 6 0 0 25 0 0 0 0 0 1 1 2 9 6 14 0 0 0
20161116 21:28:30.001 1 0 0 0 0 0 0 99 1 0 0 43 91 0 141 1 1.03 1.36 0.78 1 0 1024436 918184 106252 0 32844 525872 134700 95808 205476 747264 0 0 0 0 0 0 320 0 0 265596 6 16 107 0 0 0 0 39680 136 6 0 0 25 0 0 0 0 0 1 4 4 6 16 22 0 0 0
20161116 21:28:35.001 52 0 9 0 0 14 0 25 75 0 0 2773 5311 0 139 5 0.95 1.33 0.77 5 0 1024436 946892 77544 0 32844 525896 146300 95760 204364 747264 0 0 0 0 0 0 924 0 0 265580 0 9 38 0 0 0 0 49252 3252 5 0 1192 3144 3132 0 0 0 0 0 2 2 0 9 9 0 0 0
20161116 21:28:40.004 75 0 12 0 0 13 0 0 100 0 0 2017 7086 0 139 5 1.04 1.35 0.78 5 0 1024436 943412 81024 0 32628 508876 145560 94856 207592 747264 0 0 0 0 0 0 1800 0 0 258544 21 6 181 0 0 0 0 50972 3847 5 0 2730 3739 3730 0 0 0 0 0 1 2 21 6 26 0 0 0
20161116 21:28:45.001 75 0 12 0 0 13 0 0 100 0 0 2514 8435 0 139 1 1.43 1.42 0.81 1 0 1024436 921516 102920 0 32636 490840 131976 94856 206928 747264 0 0 0 0 0 0 2900 0 0 242000 0 2 22 0 0 0 0 50452 3848 5 0 4096 3739 3730 0 0 0 0 0 1 1 0 2 2 0 0 0
20161116 21:28:50.001 76 0 12 0 0 11 0 0 100 0 0 2584 8471 0 139 6 1.56 1.45 0.82 6 0 1024436 900672 123764 0 32644 472504 121980 94864 207812 747264 0 0 0 0 0 0 3740 0 0 231916 4 50 67 0 0 0 0 50984 4229 5 0 4096 4120 4111 0 0 0 0 0 10 10 4 50 54 0 0 0
20161116 21:28:55.001 74 0 14 0 0 12 0 0 100 0 0 2126 7461 0 139 3 1.51 1.44 0.82 3 0 1024436 752552 271884 0 32652 336424 109472 94864 208296 747264 0 0 0 0 0 0 4636 0 0 181152 0 12 32 0 0 0 0 50808 4229 5 0 4096 4120 4111 0 0 0 0 0 2 2 0 12 12 0 0 0
20161116 21:29:00.004 76 0 13 0 0 11 0 0 100 0 0 2291 7786 0 139 5 1.79 1.50 0.84 5 0 1024436 740364 284072 0 32660 322680 107640 94888 208336 747264 0 0 0 0 0 0 5640 0 0 167680 10 13 128 0 0 0 0 50744 4229 5 0 4096 4120 4111 0 0 0 0 1 3 3 10 13 23 0 0 0
20161116 21:29:05.001 77 0 11 0 0 12 0 0 100 0 0 2336 7815 0 139 4 1.89 1.53 0.85 3 0 1024436 650796 373640 0 32668 237628 103420 94888 208392 747264 0 0 0 0 0 0 380 0 0 88872 0 1272 22 0 0 0 0 50548 4228 5 0 4096 4120 4111 0 0 0 0 0 5 5 0 1272 1272 0 0 0
20161116 21:29:10.004 77 0 11 0 0 13 0 0 100 0 0 2586 8439 0 139 5 1.98 1.55 0.86 5 0 1024436 651676 372760 0 32680 238792 103320 94956 208376 751292 0 0 0 0 0 0 1544 0 0 88896 8 19 125 0 0 0 0 50540 4229 6 1 4096 4121 4112 0 0 0 0 1 4 5 8 19 27 0 1 1
20161116 21:29:15.001 76 0 13 0 0 11 0 0 100 0 0 2641 8532 0 139 2 1.90 1.54 0.87 2 0 1024436 652484 371952 0 32688 239940 103300 94952 208376 751292 0 0 0 0 0 0 2712 0 0 88880 0 5 28 0 0 0 0 50528 4229 5 0 4096 4120 4111 0 0 0 0 0 1 1 0 5 5 0 0 0
20161116 21:29:20.004 77 0 13 0 0 10 0 0 100 0 0 2739 8903 0 139 6 2.07 1.58 0.88 6 0 1024436 653752 370684 0 32696 241116 103256 94952 208392 751292 0 0 0 0 0 0 3888 0 0 88880 0 2 28 0 0 0 0 50500 4229 5 0 4096 4120 4111 0 0 0 0 0 1 1 0 2 2 0 0 0
20161116 21:29:25.001 78 0 11 0 0 11 0 0 100 0 0 2605 8478 0 139 2 1.98 1.57 0.88 2 0 1024436 654856 369580 0 32704 242256 103232 94952 208392 751292 0 0 0 0 0 0 5036 0 0 88888 0 3 21 0 0 0 0 50476 4229 5 0 4096 4120 4111 0 0 0 0 0 1 1 0 3 3 0 0 0
20161116 21:29:30.004 76 0 11 0 0 13 0 0 100 0 0 2671 8652 0 139 5 2.14 1.61 0.90 5 0 1024436 656172 368264 0 32712 243408 103252 94952 208448 751292 0 0 0 0 0 0 6188 0 0 88872 0 7 124 0 0 0 0 50492 4229 5 0 4096 4120 4111 0 0 0 0 0 2 2 0 7 7 0 0 0
20161116 21:29:35.001 80 0 10 0 0 10 0 0 100 0 0 2001 7088 0 139 3 2.37 1.67 0.92 3 0 1024436 634592 389844 0 32720 244636 98860 94952 208556 751292 0 0 0 0 0 0 528 0 0 88872 0 1397 27 0 0 0 0 47368 2522 5 0 1643 2413 2402 0 0 0 0 0 6 6 0 1397 1397 0 0 0
20161116 21:29:40.004 83 0 12 0 0 6 0 0 100 0 0 1082 6430 0 138 3 2.58 1.72 0.94 3 0 1024436 600420 424016 0 32728 245852 90732 94952 209060 751292 0 0 0 0 0 0 1748 0 0 88872 0 4 49 0 0 0 0 41096 345 5 0 1643 236 226 0 0 0 0 0 1 1 0 4 4 0 0 0
20161116 21:29:45.001 8 0 1 0 0 1 0 91 9 0 0 292 987 0 138 0 2.38 1.69 0.94 0 0 1024436 595820 428616 0 32736 246000 88824 94952 209036 751292 0 0 0 0 0 0 1720 0 0 88872 0 38 0 0 0 0 0 39412 133 5 0 1643 24 0 0 0 0 0 0 9 9 0 38 38 0 0 0
20161116 21:29:50.001 0 0 0 0 0 0 0 100 0 0 0 253 521 0 138 1 2.19 1.67 0.93 1 0 1024436 593820 430616 0 32740 245996 86852 94952 209036 751292 0 0 0 0 0 0 1720 0 0 88872 0 1 0 0 0 0 0 37464 133 5 0 0 24 0 0 0 0 0 0 0 0 0 1 1 0 0 0
20161116 21:29:55.001 0 0 0 0 0 0 0 100 0 0 0 33 69 0 138 0 2.01 1.64 0.93 0 0 1024436 593532 430904 0 32740 246000 86560 94952 209036 751292 0 0 0 0 0 0 1696 0 0 88872 0 5 0 0 0 0 0 37176 133 5 0 0 24 0 0 0 0 0 0 0 0 0 5 5 0 0 0
20161116 21:30:00.004 0 0 0 0 0 0 0 100 0 0 0 16 37 0 138 1 1.85 1.61 0.92 1 0 1024436 593532 430904 0 32748 245992 86520 94952 209040 751292 0 0 0 0 0 0 1748 0 0 88872 0 16 102 0 0 0 0 37132 133 5 0 0 24 0 0 0 0 0 0 4 4 0 16 16 0 0 0
20161116 21:30:05.002 3 0 1 0 0 0 0 97 3 0 0 20 45 0 140 0 1.70 1.58 0.92 0 0 1024436 594068 430368 0 32748 246004 86504 95084 209856 751292 0 0 0 0 0 0 44 0 0 88872 0 339 93 0 0 0 0 37124 136 6 0 0 25 1 0 0 0 0 0 1 1 0 339 339 0 0 0
20161116 21:30:10.001 1 0 0 0 0 0 0 99 1 0 0 18 42 0 142 1 1.57 1.56 0.91 1 0 1024436 595812 428624 0 32756 246104 86564 95168 210996 755288 0 0 0 0 0 0 200 0 0 88976 21 7 133 0 0 0 0 37188 139 7 0 0 26 2 0 0 0 0 0 2 2 21 7 28 0 0 0
20161116 21:30:15.001 0 0 0 0 0 0 0 99 1 0 0 18 45 0 140 0 1.44 1.53 0.91 0 0 1024436 595004 429432 0 32756 246144 86564 95140 210156 755288 0 0 0 0 0 0 264 0 0 88984 7 0 33 0 0 0 0 37176 136 6 0 0 25 0 0 0 0 0 0 0 0 7 0 7 0 0 0
20161116 21:30:20.004 0 0 0 0 0 0 0 99 1 0 0 15 38 0 138 1 1.32 1.51 0.90 1 0 1024436 593608 430828 0 32764 246140 86508 95052 209040 750940 0 0 0 0 0 0 284 0 0 88984 0 5 8 0 0 0 0 37124 133 5 0 0 24 0 0 0 0 0 0 1 1 0 5 5 0 0 0
20161116 21:30:25.001 0 0 0 0 0 0 0 100 0 0 0 11 26 0 138 0 1.22 1.48 0.90 0 0 1024436 593484 430952 0 32772 246160 86464 95052 209040 750940 0 0 0 0 0 0 308 0 0 88984 0 6 0 0 0 0 0 37080 133 5 0 0 24 0 0 0 0 0 0 1 1 0 6 6 0 0 0
20161116 21:30:30.004 1 0 0 0 0 0 0 98 1 0 0 31 60 0 138 1 1.12 1.46 0.89 1 0 1024436 593468 430968 0 32772 246336 86548 95216 209040 750940 0 0 0 0 0 0 0 0 0 89160 35 59 102 1 0 0 0 37164 133 5 0 0 24 0 0 0 0 0 1 11 12 35 59 94 0 0 0
20161116 21:30:35.001 46 0 7 0 0 18 0 29 71 0 0 2749 3445 0 138 3 1.43 1.52 0.92 3 0 1024436 632680 391756 0 32780 246708 102832 95216 209952 750940 0 0 0 0 0 0 428 0 0 89168 0 13 66 0 0 0 0 50148 5138 5 0 688 5030 5019 0 0 0 0 0 3 3 0 13 13 0 0 0
20161116 21:30:40.001 75 0 12 0 0 13 0 0 100 0 0 2773 7977 0 138 5 1.72 1.57 0.94 5 0 1024436 675120 349316 0 32788 247756 112832 95216 217088 755052 0 0 0 0 0 0 1476 0 0 89168 0 2 382 0 0 0 0 58156 8126 5 0 2558 8017 8006 0 0 0 0 0 1 1 0 2 2 0 0 0
20161116 21:30:45.001 77 0 11 0 0 12 0 0 100 0 0 2452 8114 0 138 4 1.90 1.61 0.95 4 0 1024436 690120 334316 0 32796 248812 113072 95216 217232 755052 0 0 0 0 0 0 2532 0 0 89168 0 2 42 0 0 0 0 58396 8126 5 0 4096 8017 8006 0 0 0 0 0 1 1 0 2 2 0 0 0
20161116 21:30:50.004 76 0 12 0 0 11 0 0 100 0 0 2631 8681 0 138 7 2.07 1.65 0.97 7 0 1024436 708360 316076 0 32804 249960 113712 95216 217280 755052 0 0 0 0 0 0 716 0 0 89168 0 598 28 0 0 0 0 58900 8325 5 0 4096 8216 8206 0 0 0 0 0 5 5 0 598 598 0 0 0
20161116 21:30:55.001 77 0 11 0 0 13 0 0 100 0 0 2482 8303 0 138 5 2.14 1.68 0.98 5 0 1024436 716508 307928 0 32812 251036 113700 95216 217668 755052 0 0 0 0 0 0 1792 0 0 89168 0 2 39 0 0 0 0 58884 8324 5 0 4096 8216 8206 0 0 0 0 0 1 1 0 2 2 0 0 0
20161116 21:31:00.004 77 0 10 0 0 12 0 0 100 0 0 2573 8587 0 138 3 2.13 1.68 0.99 3 0 1024436 732868 291568 0 32820 252184 113700 95216 217684 759092 0 0 0 0 0 0 2976 0 0 89168 0 16 127 0 0 0 0 58880 8325 5 0 4096 8216 8206 0 0 0 0 0 4 4 0 16 16 0 0 0
20161116 21:31:05.001 77 0 12 0 0 11 0 0 100 0 0 2590 8459 0 138 5 2.20 1.70 1.00 5 0 1024436 733648 290788 0 32828 253304 113712 95216 217652 759092 0 0 0 0 0 0 4096 0 0 89168 0 2 23 0 0 0 0 58896 8325 5 0 4096 8216 8206 0 0 0 0 0 1 1 0 2 2 0 0 0
20161116 21:31:10.004 77 0 11 0 0 12 0 0 100 0 0 2579 8432 0 138 4 2.18 1.71 1.00 4 0 1024436 736756 287680 0 32836 254436 113692 95216 217676 759092 0 0 0 0 0 0 5228 0 0 89168 0 2 21 0 0 0 0 58880 8325 5 0 4096 8216 8206 0 0 0 0 0 1 1 0 2 2 0 0 0
20161116 21:31:15.001 77 0 12 0 0 11 0 0 100 0 0 2653 8378 0 138 4 2.33 1.75 1.02 4 0 1024436 738784 285652 0 32844 255576 114144 95216 217696 759092 0 0 0 0 0 0 6368 0 0 89168 0 2 18 0 0 0 0 59336 8324 5 0 4096 8216 8206 0 0 0 0 0 1 1 0 2 2 0 0 0
20161116 21:31:20.004 77 0 11 0 0 11 0 0 100 0 0 2493 8174 0 138 3 2.62 1.82 1.05 3 0 1024436 741348 283088 0 32852 256648 116096 95216 217684 759092 0 0 0 0 0 0 736 0 0 89168 0 1345 18 0 0 0 0 61280 8325 5 0 4096 8216 8206 0 0 0 0 0 4 4 0 1345 1345 0 0 0
20161116 21:31:25.001 76 0 11 0 0 13 0 0 100 0 0 2374 7931 0 138 1 2.49 1.80 1.05 1 0 1024436 744088 280348 0 32860 257684 117684 95216 217808 759092 0 0 0 0 0 0 1736 0 0 89172 0 12 18 0 0 0 0 62868 8325 5 0 4095 8216 8206 0 0 0 0 0 3 3 0 12 12 0 0 0
20161116 21:31:30.001 74 0 11 0 0 14 0 0 100 0 0 2435 8155 0 138 2 2.37 1.79 1.05 2 0 1024436 745328 279108 0 32876 258752 117692 95216 217776 759092 0 0 0 0 0 0 2812 0 0 89172 0 11 115 0 0 0 0 62872 8325 5 0 4095 8216 8206 0 0 0 0 0 3 3 0 11 11 0 0 0
20161116 21:31:35.001 78 0 11 0 0 10 0 0 100 0 0 1552 6883 0 138 5 2.50 1.83 1.06 5 0 1024436 728828 295608 0 32884 259640 114808 95216 217768 759092 0 0 0 0 0 0 3980 0 0 89180 0 10 11 0 0 0 0 60872 6831 5 0 3112 6722 6710 0 0 0 0 0 2 2 0 10 10 0 0 0
20161116 21:31:40.004 82 0 11 0 0 7 0 0 100 0 0 1307 6711 0 138 4 2.70 1.88 1.08 4 0 1024436 694120 330316 0 32892 260924 106980 95216 217780 759092 0 0 0 0 0 0 5264 0 0 89180 0 2 16 0 0 0 0 54600 4553 5 0 3112 4444 4433 0 0 0 0 0 1 1 0 2 2 0 0 0
20161116 21:31:45.001 83 0 12 0 0 6 0 0 100 0 0 1311 6691 0 138 4 2.73 1.90 1.09 4 0 1024436 658936 365500 0 32900 262188 98844 95216 218156 759092 0 0 0 0 0 0 6528 0 0 89180 0 2 33 0 0 0 0 47960 2274 5 0 3112 2165 2154 0 0 0 0 0 1 1 0 2 2 0 0 0
20161116 21:31:50.004 82 0 12 0 0 6 0 0 100 0 0 1289 6413 0 138 4 2.75 1.92 1.10 4 0 1024436 622492 401944 0 32908 263396 88860 95216 218168 759092 0 0 0 0 0 0 744 0 0 89180 0 1403 45 0 0 0 0 39440 136 5 0 2270 27 16 0 0 0 0 0 4 4 0 1403 1403 0 0 0
20161116 21:31:55.001 0 0 0 0 0 0 0 100 0 0 0 247 522 0 138 0 2.53 1.88 1.10 0 0 1024436 620580 403856 0 32916 263408 86916 95216 218156 759092 0 0 0 0 0 0 740 0 0 89180 0 9 0 0 0 0 0 37524 133 5 0 2270 24 0 0 0 0 0 0 1 1 0 9 9 0 0 0
20161116 21:32:00.008 1 0 0 0 0 0 0 99 1 0 0 258 540 1 140 2 2.33 1.85 1.09 2 0 1024436 620688 403748 0 32924 263412 85528 95308 219268 763136 0 0 0 0 0 0 836 0 0 89180 0 20 232 0 0 0 0 36140 136 6 0 2270 25 0 0 0 0 0 0 4 4 0 20 20 0 0 0
20161116 21:32:05.001 3 0 0 5 0 0 0 91 3 0 0 29 67 0 140 0 2.14 1.82 1.09 0 0 1024436 620712 403724 0 32932 263416 85576 95348 219276 763136 0 0 0 0 0 0 908 0 0 89184 0 42 138 0 0 0 0 36176 136 6 0 2270 25 1 0 0 0 0 0 9 9 0 42 42 0 0 0
20161116 21:32:10.004 0 0 0 0 0 0 0 100 0 0 0 16 40 0 138 1 1.97 1.79 1.08 1 0 1024436 619024 405412 0 32940 263416 85452 95248 218188 758712 0 0 0 0 0 0 924 0 0 89180 0 5 9 0 0 0 0 36064 133 6 1 2270 25 1 0 0 0 0 0 1 1 0 5 5 0 0 0
20161116 21:32:15.001 0 0 0 0 0 0 0 100 0 0 0 11 23 0 138 0 1.81 1.76 1.07 0 0 1024436 618896 405540 0 32940 263412 85308 95228 218156 758712 0 0 0 0 0 0 944 0 0 89180 0 0 0 0 0 0 0 35928 133 5 0 2270 24 0 0 0 0 0 0 0 0 0 0 0 0 0 0
20161116 21:32:20.004 0 0 0 0 0 0 0 100 0 0 0 12 23 0 138 1 1.67 1.73 1.07 1 0 1024436 618880 405556 0 32948 263412 85220 95228 218156 758712 0 0 0 0 0 0 260 0 0 89180 0 142 0 0 0 0 0 35836 133 5 0 2270 24 0 0 0 0 0 0 2 2 0 142 142 0 0 0
20161116 21:32:25.001 0 0 0 0 0 0 0 100 0 0 0 11 25 0 138 0 1.53 1.70 1.06 0 0 1024436 618772 405664 0 32956 263432 85144 95228 218156 758712 0 0 0 0 0 0 296 0 0 89180 0 5 0 0 0 0 0 35760 133 5 0 2270 24 0 0 0 0 0 0 1 1 0 5 5 0 0 0
20161116 21:32:30.004 1 0 0 0 0 0 0 99 1 0 0 29 61 0 138 1 1.41 1.68 1.06 1 0 1024436 618756 405680 0 32956 263432 85132 95228 218160 758712 0 0 0 0 0 0 292 0 0 89192 0 6 101 0 0 0 0 35748 133 5 0 2270 24 0 0 0 0 0 0 1 1 0 6 6 0 0 0
20161116 21:32:35.001 37 0 7 0 0 23 0 33 67 0 0 4731 3289 0 138 3 1.46 1.68 1.06 3 0 1024436 669344 355092 0 32964 263764 105920 95228 219084 758712 0 0 0 0 0 0 628 0 0 89192 0 14 48 0 0 0 0 52132 6783 5 0 2825 6803 6792 0 0 0 0 0 3 3 0 14 14 0 0 0
20161116 21:32:40.001 73 0 12 0 0 15 0 0 100 0 0 2985 7497 0 138 4 1.74 1.74 1.08 4 0 1024436 748720 275716 0 32972 264780 131316 95228 234048 770836 0 0 0 0 0 0 1380 0 0 89192 0 56 749 0 0 0 0 72260 14697 5 0 2473 14589 14550 0 0 0 0 0 11 11 0 56 56 0 0 0
20161116 21:32:45.001 75 0 12 0 0 13 0 0 100 0 0 2637 8566 0 138 3 2.00 1.79 1.10 3 0 1024436 769460 254976 0 32980 265952 132220 95228 233352 770836 0 0 0 0 0 0 2552 0 0 89192 0 2 20 0 0 0 0 73048 14857 5 0 4096 14750 14737 0 0 0 0 0 1 1 0 2 2 0 0 0
20161116 21:32:50.004 76 0 12 0 0 12 0 0 100 0 0 2552 8254 0 138 4 2.00 1.79 1.11 4 0 1024436 797472 226964 0 32988 266200 135864 95228 237080 774924 0 0 0 0 0 0 3636 0 0 88556 0 2 186 0 0 0 0 78448 16517 5 0 4096 16408 16397 0 0 0 0 0 1 1 0 2 2 0 0 0
20161116 21:32:55.001 76 0 12 0 0 11 0 0 100 0 0 2429 8353 0 138 1 2.16 1.83 1.12 1 0 1024436 813576 210860 0 32996 266980 136256 95228 236728 774924 0 0 0 0 0 0 4684 0 0 88316 0 10 0 0 0 0 0 80332 16517 5 0 4096 16408 16397 0 0 0 0 0 1 1 0 10 10 0 0 0
20161116 21:33:00.001 76 0 11 0 0 13 0 0 100 0 0 2532 8665 0 138 4 2.31 1.87 1.14 4 0 1024436 822324 202112 0 33004 257084 136992 95228 236724 779052 0 0 0 0 0 0 5824 0 0 78460 0 8 103 0 0 0 0 82220 16517 5 0 4096 16408 16397 0 0 0 0 0 2 2 0 8 8 0 0 0
20161116 21:33:05.001 77 0 11 0 0 12 0 0 100 0 0 2488 8449 0 138 2 2.44 1.90 1.15 2 0 1024436 812128 212308 0 33012 240200 137148 95228 236804 779052 0 0 0 0 0 0 6936 0 0 71960 0 10 4 0 0 0 0 83596 16517 5 0 4096 16408 16397 0 0 0 0 0 2 2 0 10 10 0 0 0
20161116 21:33:10.004 75 0 12 0 0 13 0 0 100 0 0 2479 8354 0 138 4 2.65 1.95 1.17 4 0 1024436 816356 208080 0 33020 230408 135236 95228 236804 779052 0 0 0 0 0 0 676 0 0 67496 0 1475 0 0 0 0 0 83616 16516 5 0 4096 16408 16397 0 0 0 0 0 4 4 0 1475 1475 0 0 0
20161116 21:33:15.001 77 0 11 0 0 12 0 0 100 0 0 2504 8413 0 138 2 2.68 1.97 1.18 2 0 1024436 834376 190060 0 33028 231484 135196 95228 236860 779052 0 0 0 0 0 0 1704 0 0 67496 0 13 3 0 0 0 0 83596 16517 5 0 4096 16408 16397 0 0 0 0 0 3 3 0 13 13 0 0 0
20161116 21:33:20.004 76 0 11 0 0 13 0 0 100 0 0 2623 8875 0 138 4 2.70 1.99 1.19 4 0 1024436 843884 180552 0 33036 232616 135148 95228 236864 779052 0 0 0 0 0 0 2836 0 0 67496 0 2 0 0 0 0 0 83552 16517 5 0 4096 16408 16397 0 0 0 0 0 1 1 0 2 2 0 0 0
20161116 21:33:25.001 77 0 11 0 0 11 0 0 100 0 0 2579 8765 0 138 2 2.81 2.02 1.21 2 0 1024436 847956 176480 0 33044 233768 135128 95228 236864 779052 0 0 0 0 0 0 3996 0 0 67508 0 3 0 0 0 0 0 83540 16517 5 0 4096 16408 16397 0 0 0 0 0 1 1 0 3 3 0 0 0
20161116 21:33:30.004 76 0 11 0 0 13 0 0 100 0 0 2565 8676 0 138 6 2.74 2.02 1.21 6 0 1024436 860980 163456 0 33052 234888 135196 95228 236856 779052 0 0 0 0 0 0 5116 0 0 67504 0 7 100 0 0 0 0 83596 16517 5 0 4096 16408 16397 0 0 0 0 0 2 2 0 7 7 0 0 0
20161116 21:33:35.001 78 0 9 0 0 13 0 0 100 0 0 1776 6718 0 138 3 2.92 2.07 1.23 3 0 1024436 856992 167444 0 33060 235880 135644 95228 236836 779052 0 0 0 0 0 0 6148 0 0 67504 0 10 0 0 0 0 0 84748 15362 5 0 4095 15253 15241 0 0 0 0 0 3 3 0 10 10 0 0 0
20161116 21:33:40.004 84 0 10 0 0 6 0 0 100 0 0 1248 6363 0 138 3 3.01 2.10 1.25 3 0 1024436 824004 200432 0 33068 237056 128484 95228 236848 779052 0 0 0 0 0 0 660 0 0 67504 0 1338 1 0 0 0 0 79012 13244 5 0 2816 13135 13124 0 0 0 0 0 4 4 0 1338 1338 0 0 0
20161116 21:33:45.001 83 0 11 0 0 6 0 0 100 0 0 1216 6501 0 140 2 3.17 2.15 1.27 2 0 1024436 790060 234376 0 33076 238296 119644 95280 237648 779052 0 0 0 0 0 0 1900 0 0 67504 0 2 91 0 0 0 0 71796 11041 6 0 2816 10930 10919 0 0 0 0 0 1 1 0 2 2 0 0 0
20161116 21:33:50.004 83 0 11 0 0 6 0 0 100 0 0 1292 6672 0 140 5 3.40 2.21 1.29 5 0 1024436 753300 271136 0 33084 239568 109896 95356 238024 779052 0 0 0 0 0 0 3280 0 0 67504 0 14 42 0 0 0 0 63664 8757 6 0 2816 8646 8635 0 0 0 0 0 3 3 0 14 14 0 0 0
20161116 21:33:55.001 82 0 12 0 0 6 0 0 100 0 0 1321 6641 0 140 1 3.36 2.23 1.30 1 0 1024436 715604 308832 0 33092 240832 100300 95324 238080 779052 0 0 0 0 0 0 4584 0 0 67504 0 13 135 0 0 0 0 55568 6495 6 0 2816 6383 6372 0 0 0 0 0 2 2 0 13 13 0 0 0
20161116 21:34:00.001 81 0 11 0 0 7 0 0 100 0 0 1324 6692 0 140 4 3.41 2.26 1.32 4 0 1024436 678164 346272 0 33100 242112 91256 95324 237392 779052 0 0 0 0 0 0 5872 0 0 67504 0 11 130 0 0 0 0 48072 4236 6 0 2816 4125 4115 0 0 0 0 0 2 2 0 11 11 0 0 0
20161116 21:34:05.001 84 0 10 0 0 6 0 0 100 0 0 1190 6557 0 138 2 3.46 2.29 1.33 2 0 1024436 638312 386124 0 33108 243352 81352 95340 236432 779052 0 0 0 0 0 0 7172 0 0 67504 0 13 38 0 0 0 0 39736 2004 5 0 2816 1895 1885 0 0 0 0 0 3 3 0 13 13 0 0 0
20161116 21:34:10.001 69 0 8 0 0 6 0 16 84 0 0 1111 5699 0 138 1 3.18 2.25 1.33 1 0 1024436 606028 418408 0 33116 244408 72384 95340 236856 779052 0 0 0 0 0 0 808 0 0 67504 0 1490 39 0 0 0 0 32072 133 5 0 2433 24 0 0 0 0 0 0 4 4 0 1490 1490 0 0 0
20161116 21:34:15.001 0 0 0 0 0 0 0 100 0 0 0 217 449 0 138 0 2.93 2.21 1.32 0 0 1024436 604356 420080 0 33124 244408 70648 95340 236856 779052 0 0 0 0 0 0 808 0 0 67504 0 2 0 0 0 0 0 30360 133 5 0 2433 24 0 0 0 0 0 0 1 1 0 2 2 0 0 0
20161116 21:34:20.001 0 0 0 0 0 0 0 100 0 0 0 199 411 0 138 1 2.69 2.17 1.31 1 0 1024436 603068 421368 0 33124 244408 69376 95340 236856 779052 0 0 0 0 0 0 580 0 0 67504 0 46 0 0 0 0 0 29100 133 5 0 2433 24 0 0 0 0 0 0 9 9 0 46 46 0 0 0
20161116 21:34:25.002 0 0 0 0 0 0 0 99 1 0 0 14 29 0 138 0 2.48 2.14 1.30 0 0 1024436 602944 421492 0 33132 244428 69236 95340 236856 779052 0 0 0 0 0 0 552 0 0 67512 0 18 0 0 0 0 0 28968 133 5 0 2433 24 0 0 0 0 0 0 4 4 0 18 18 0 0 0
20161116 21:34:30.001 0 0 0 0 0 0 0 100 0 0 0 16 41 0 138 1 2.28 2.10 1.30 1 0 1024436 602856 421580 0 33132 244428 69124 95340 236856 779052 0 0 0 0 0 0 552 0 0 67512 0 5 100 0 0 0 0 28864 133 5 0 1688 24 0 0 0 0 0 0 1 1 0 5 5 0 0 0
20161116 21:34:35.001 1 0 0 0 0 0 0 99 1 0 0 50 96 0 138 0 2.10 2.07 1.29 0 0 1024436 602732 421704 0 33140 244428 69072 95340 236856 779052 0 0 0 0 0 0 584 0 0 67512 0 9 0 0 0 0 0 28812 133 5 0 1688 24 1 0 0 0 0 0 2 2 0 9 9 0 0 0
20161116 21:34:40.002 0 0 0 0 0 0 0 100 0 0 0 97 185 0 138 1 1.93 2.03 1.28 1 0 1024436 602604 421832 0 33140 244428 68924 95340 236856 779052 0 0 0 0 0 0 76 0 0 67512 0 102 0 0 0 0 0 28664 133 5 0 1688 24 2 0 0 0 0 0 0 0 0 102 102 0 0 0
20161116 21:34:45.001 0 0 0 0 0 0 0 100 0 0 0 125 246 0 138 0 1.78 2.00 1.28 0 0 1024436 601864 422572 0 33148 244428 68200 95340 236856 779052 0 0 0 0 0 0 84 0 0 67512 0 4 0 0 0 0 0 27952 133 5 0 581 24 1 0 0 0 0 0 1 1 0 4 4 0 0 0
20161116 21:34:50.006 0 0 0 0 0 0 0 100 0 0 0 59 112 0 138 1 1.63 1.97 1.27 1 0 1024436 601712 422724 0 33148 244428 68004 95340 236856 779052 0 0 0 0 0 0 84 0 0 67512 0 0 0 0 0 0 0 27776 133 5 0 581 24 1 0 0 0 0 0 0 0 0 0 0 0 0 0
20161116 21:34:55.001 0 0 0 0 0 0 0 100 0 0 0 50 100 0 138 0 1.50 1.93 1.26 0 0 1024436 601496 422940 0 33148 244428 67840 95340 236856 779052 0 0 0 0 0 0 0 0 0 67512 0 15 0 0 0 0 0 27596 133 5 0 581 24 1 0 0 0 0 0 3 3 0 15 15 0 0 0
20161116 21:35:00.008 0 0 0 0 0 0 0 100 0 0 0 121 247 0 138 2 1.38 1.90 1.26 2 0 1024436 600700 423736 0 33156 244428 67048 95340 236856 779052 0 0 0 0 0 0 12 0 0 67512 0 10 102 0 0 0 0 26800 133 5 0 0 24 1 0 0 0 0 0 2 2 0 10 10 0 0 0
20161116 21:35:05.001 2 0 0 0 0 0 0 98 2 0 0 218 448 0 138 0 1.27 1.87 1.25 0 0 1024436 599176 425260 0 33164 244428 65508 95340 236856 779052 0 0 0 0 0 0 48 0 0 67512 0 10 0 0 0 0 0 25260 133 5 0 0 24 0 0 0 0 0 0 2 2 0 10 10 0 0 0
20161116 21:35:10.007 0 0 0 0 0 0 0 100 0 0 0 31 58 0 138 1 1.17 1.84 1.24 1 0 1024436 599156 425280 0 33164 244428 65392 95340 236856 779052 0 0 0 0 0 0 48 0 0 67512 0 0 0 0 0 0 0 25160 133 5 0 0 24 0 0 0 0 0 0 0 0 0 0 0 0 0 0
20161116 21:35:15.001 0 0 0 0 0 0 0 100 0 0 0 191 398 0 138 0 1.08 1.81 1.24 0 0 1024436 596928 427508 0 33164 244428 63216 95340 236856 779052 0 0 0 0 0 0 48 0 0 67512 0 0 0 0 0 0 0 22984 133 5 0 0 24 0 0 0 0 0 0 0 0 0 0 0 0 0 0
20161116 21:35:20.008 0 0 0 0 0 0 0 100 0 0 0 229 475 0 138 2 0.99 1.78 1.23 2 0 1024436 594516 429920 0 33164 244428 60764 95340 236860 779052 0 0 0 0 0 0 48 0 0 67512 0 0 1 0 0 0 0 20532 133 5 0 0 24 0 0 0 0 0 0 0 0 0 0 0 0 0 0
20161116 21:35:25.001 0 0 0 0 0 0 0 100 0 0 0 252 531 0 138 0 0.91 1.75 1.22 0 0 1024436 590612 433824 0 33164 244448 56852 95340 236860 779052 0 0 0 0 0 0 72 0 0 67512 0 0 0 0 0 0 0 16616 133 5 0 0 24 0 0 0 0 0 0 0 0 0 0 0 0 0 0
20161116 21:35:30.001 0 0 0 0 0 0 0 100 0 0 0 197 423 0 138 1 0.84 1.72 1.22 1 0 1024436 587596 436840 0 33172 244448 53800 95340 236860 779052 0 0 0 0 0 0 72 0 0 67520 0 7 100 0 0 0 0 13552 133 5 0 0 24 0 0 0 0 0 0 2 2 0 7 7 0 0 0
20161116 21:35:35.001 0 0 0 0 0 0 0 100 0 0 0 91 194 0 138 0 0.77 1.69 1.21 0 0 1024436 586804 437632 0 33180 244448 53100 95340 236860 779052 0 0 0 0 0 0 64 0 0 67520 0 11 0 0 0 0 0 12856 133 5 0 0 24 1 0 0 0 0 0 3 3 0 11 11 0 0 0
20161116 21:35:40.001 0 0 0 0 0 0 0 99 1 0 0 15 33 0 140 1 0.71 1.66 1.20 1 0 1024436 588276 436160 0 33180 244452 53120 95468 237968 779052 0 0 0 0 0 0 196 0 0 67520 0 0 127 0 0 0 0 12872 137 6 0 0 25 1 0 0 0 0 0 0 0 0 0 0 0 0 0
20161116 21:35:45.001 0 0 0 0 0 0 0 99 0 0 0 19 46 0 138 0 0.65 1.64 1.20 0 0 1024436 587004 437432 0 33188 244484 53096 95360 236860 779052 0 0 0 0 0 0 268 0 0 67552 6 5 12 0 0 0 0 12848 133 5 0 0 24 1 0 0 0 0 0 1 2 6 5 11 0 0 0
20161116 21:35:50.001 0 0 0 0 0 0 0 100 0 0 0 17 37 0 140 1 0.60 1.61 1.19 1 0 1024436 587996 436440 0 33196 244480 53108 95460 237976 779052 0 0 0 0 0 0 284 0 0 67552 0 5 123 0 0 0 0 12860 136 6 0 0 25 1 0 0 0 0 0 1 1 0 5 5 0 0 0
20161116 21:35:55.001 1 0 0 0 0 0 0 99 1 0 0 16 37 0 138 0 0.55 1.58 1.18 0 0 1024436 586972 437464 0 33196 244484 53096 95360 236860 779052 0 0 0 0 0 0 276 0 0 67552 0 5 7 0 0 0 0 12844 133 5 0 0 24 1 0 0 0 0 0 0 0 0 5 5 0 0 0
20161116 21:36:00.002 0 0 0 0 0 0 0 99 1 0 0 17 38 0 138 1 0.51 1.56 1.18 1 0 1024436 586972 437464 0 33204 244484 53092 95360 236860 779052 0 0 0 0 0 0 284 0 0 67552 0 13 102 0 0 0 0 12836 133 5 0 0 24 0 0 0 0 0 0 3 3 0 13 13 0 0 0
20161116 21:36:05.001 2 0 0 0 0 0 0 97 3 0 0 19 42 0 138 0 0.47 1.53 1.17 0 0 1024436 586964 437472 0 33212 244484 53076 95360 236860 779052 0 0 0 0 0 0 284 0 0 67552 0 9 0 0 0 0 0 12820 133 5 0 0 24 0 0 0 0 0 0 2 2 0 9 9 0 0 0
20161116 21:36:10.001 0 0 0 0 0 0 0 100 0 0 0 10 21 0 138 1 0.43 1.50 1.16 1 0 1024436 586964 437472 0 33212 244484 53036 95360 236860 779052 0 0 0 0 0 0 224 0 0 67552 0 12 0 0 0 0 0 12804 133 5 0 0 24 0 0 0 0 0 0 3 3 0 12 12 0 0 0
20161116 21:36:15.001 0 0 0 0 0 0 0 100 0 0 0 11 23 0 138 0 0.40 1.48 1.16 0 0 1024436 586964 437472 0 33212 244484 53136 95360 236860 779052 0 0 0 0 0 0 0 0 0 67552 0 45 0 0 0 0 0 12892 133 5 0 0 24 0 0 0 0 0 0 9 9 0 45 45 0 0 0
20161116 21:36:20.006 0 0 0 0 0 0 0 100 0 0 0 11 25 0 138 0 0.36 1.45 1.15 0 0 1024436 586964 437472 0 33220 244484 53104 95360 236860 779052 0 0 0 0 0 0 20 0 0 67552 0 6 0 0 0 0 0 12864 133 5 0 0 24 0 0 0 0 0 0 1 1 0 6 6 0 0 0
20161116 21:36:25.001 0 0 0 0 0 0 0 100 0 0 0 10 21 0 138 0 0.36 1.45 1.15 0 0 1024436 586964 437472 0 33220 244504 53080 95360 236860 779052 0 0 0 0 0 0 44 0 0 67552 0 0 0 0 0 0 0 12840 133 5 0 0 24 0 0 0 0 0 0 0 0 0 0 0 0 0 0
20161116 21:36:30.002 0 0 0 0 0 0 0 100 0 0 0 15 35 0 138 1 0.33 1.43 1.15 1 0 1024436 587056 437380 0 33228 244504 53072 95360 236860 779052 0 0 0 0 0 0 48 0 0 67560 0 7 100 0 0 0 0 12832 133 5 0 0 24 0 0 0 0 0 0 2 2 0 7 7 0 0 0
20161116 21:36:35.001 1 0 0 0 0 0 0 99 1 0 0 30 59 0 138 1 0.31 1.41 1.14 1 0 1024436 587064 437372 0 33236 244504 53088 95364 236860 779052 0 0 0 0 0 0 220 0 0 67560 0 10 98 0 0 0 0 12844 133 5 0 0 24 1 0 0 0 0 0 2 2 0 10 10 0 0 0
20161116 21:36:40.006 0 0 0 0 0 0 0 100 0 0 0 11 25 0 138 0 0.28 1.38 1.13 0 0 1024436 587064 437372 0 33244 244496 53076 95364 236860 779052 0 0 0 0 0 0 220 0 0 67560 0 4 0 0 0 0 0 12832 133 5 0 0 24 1 0 0 0 0 0 1 1 0 4 4 0 0 0
20161116 21:36:45.001 0 0 0 0 0 0 0 100 0 0 0 11 23 0 138 0 0.26 1.36 1.13 0 0 1024436 586948 437488 0 33244 244504 53032 95364 236864 779052 0 0 0 0 0 0 228 0 0 67560 0 0 0 0 0 0 0 12804 133 5 0 0 24 1 0 0 0 0 0 0 0 0 0 0 0 0 0
20161116 21:36:50.008 0 0 0 0 0 0 0 100 0 0 0 9 21 0 138 1 0.24 1.34 1.12 1 0 1024436 586932 437504 0 33244 244504 53008 95364 236864 779052 0 0 0 0 0 0 228 0 0 67560 0 0 0 0 0 0 0 12780 133 5 0 0 24 1 0 0 0 0 0 0 0 0 0 0 0 0 0
20161116 21:36:55.001 0 0 0 0 0 0 0 100 0 0 0 10 22 0 138 0 0.22 1.32 1.12 0 0 1024436 587056 437380 0 33244 244504 53032 95364 236864 779052 0 0 0 0 0 0 136 0 0 67560 0 18 0 0 0 0 0 12792 133 5 0 0 24 1 0 0 0 0 0 3 3 0 18 18 0 0 0
20161116 21:37:00.002 1 0 1 0 0 0 0 99 1 0 0 21 49 0 138 1 0.20 1.29 1.11 1 0 1024436 587064 437372 0 33268 244504 53116 95364 236868 779052 0 0 0 0 0 0 156 0 0 67560 0 44 182 0 0 0 0 12872 133 5 0 0 24 0 0 0 0 0 0 10 10 0 44 44 0 0 0
20161116 21:37:05.001 2 0 0 0 0 0 0 97 3 0 0 18 39 0 138 0 0.19 1.27 1.10 0 0 1024436 587064 437372 0 33276 244504 53116 95364 236868 779052 0 0 0 0 0 0 192 0 0 67560 0 10 0 0 0 0 0 12872 133 5 0 0 24 0 0 0 0 0 0 3 3 0 10 10 0 0 0
20161116 21:37:10.001 0 0 0 0 0 0 0 100 0 0 0 10 19 0 138 1 0.17 1.25 1.10 1 0 1024436 587056 437380 0 33276 244504 53080 95364 236868 779052 0 0 0 0 0 0 60 0 0 67560 0 26 0 0 0 0 0 12848 133 5 0 0 24 0 0 0 0 0 0 6 6 0 26 26 0 0 0
20161116 21:37:15.001 0 0 0 0 0 0 0 100 0 0 0 10 23 0 138 0 0.24 1.25 1.10 0 0 1024436 587056 437380 0 33280 244504 53076 95364 236868 779052 0 0 0 0 0 0 60 0 0 67560 0 1 0 0 0 0 0 12840 133 5 0 0 24 0 0 0 0 0 0 0 0 0 1 1 0 0 0
20161116 21:37:20.008 0 0 0 0 0 0 0 100 0 0 0 10 22 0 138 1 0.22 1.23 1.09 1 0 1024436 587056 437380 0 33280 244504 53064 95364 236868 779052 0 0 0 0 0 0 60 0 0 67560 0 0 0 0 0 0 0 12828 133 5 0 0 24 0 0 0 0 0 0 0 0 0 0 0 0 0 0
20161116 21:37:25.001 0 0 0 0 0 0 0 100 0 0 0 13 28 0 140 0 0.36 1.24 1.10 0 0 1024436 587720 436716 0 33280 244524 53084 95496 237692 779052 0 0 0 0 0 0 80 0 0 67564 0 0 94 0 0 0 0 12852 136 6 0 0 25 1 0 0 0 0 0 0 0 0 0 0 0 0 0
20161116 21:37:30.001 0 0 0 0 0 0 0 99 1 0 0 22 55 0 140 1 0.33 1.22 1.09 1 0 1024436 588604 435832 0 33288 244536 53136 95508 237988 779052 0 0 0 0 0 0 176 0 0 67576 2 18 140 0 0 0 0 12896 136 6 0 0 25 1 0 0 0 0 0 4 4 2 18 20 0 0 0
20161116 21:37:35.001 0 0 0 0 0 0 0 100 0 0 0 14 32 0 138 0 0.31 1.20 1.08 0 0 1024436 587036 437400 0 33296 244532 53072 95380 236868 779052 0 0 0 0 0 0 252 0 0 67576 0 11 5 0 0 0 0 12816 133 5 0 0 24 1 0 0 0 0 0 3 3 0 11 11 0 0 0
20161116 21:37:40.004 0 0 0 0 0 0 0 99 1 0 0 15 32 0 140 1 0.28 1.18 1.08 1 0 1024436 588028 436408 0 33304 244536 53080 95472 237940 779052 0 0 0 0 0 0 252 0 0 67576 0 5 117 0 0 0 0 12824 136 6 0 0 25 2 0 0 0 0 0 1 1 0 5 5 0 0 0
20161116 21:37:45.001 0 0 0 0 0 0 0 99 1 0 0 15 37 0 140 0 0.26 1.16 1.07 0 0 1024436 588152 436284 0 33304 244536 53080 95476 237992 779052 0 0 0 0 0 0 280 0 0 67576 0 0 9 0 0 0 0 12836 136 6 0 0 25 1 0 0 0 0 0 0 0 0 0 0 0 0 0
20161116 21:37:50.004 0 0 0 0 0 0 0 100 0 0 0 12 30 0 138 1 0.24 1.14 1.07 1 0 1024436 587004 437432 0 33312 244536 53048 95388 236868 779052 0 0 0 0 0 0 300 0 0 67576 0 5 3 0 0 0 0 12808 133 5 0 0 24 1 0 0 0 0 0 1 1 0 5 5 0 0 0
20161116 21:37:55.001 0 0 0 0 0 0 0 100 0 0 0 11 24 0 138 0 0.22 1.12 1.06 0 0 1024436 586996 437440 0 33320 244536 53036 95388 236868 779052 0 0 0 0 0 0 280 0 0 67580 0 9 0 0 0 0 0 12788 133 5 0 0 24 1 0 0 0 0 0 1 1 0 9 9 0 0 0
20161116 21:38:00.001 0 0 0 0 0 0 0 99 1 0 0 17 39 0 138 1 0.20 1.10 1.06 1 0 1024436 587120 437316 0 33328 244536 53148 95388 236868 779052 0 0 0 0 0 0 60 0 0 67580 0 58 102 0 0 0 0 12900 133 5 0 0 24 0 0 0 0 0 0 12 12 0 58 58 0 0 0
20161116 21:38:05.001 3 0 0 0 0 0 0 97 3 0 0 18 39 0 138 0 0.27 1.10 1.06 0 0 1024436 587120 437316 0 33336 244536 53132 95388 236868 779052 0 0 0 0 0 0 40 0 0 67580 0 14 0 0 0 0 0 12888 133 5 0 0 24 0 0 0 0 0 0 3 3 0 14 14 0 0 0
20161116 21:38:10.001 0 0 0 0 0 0 0 100 0 0 0 10 21 0 138 1 0.24 1.08 1.05 1 0 1024436 587116 437320 0 33336 244536 53052 95388 236868 779052 0 0 0 0 0 0 40 0 0 67580 0 0 0 0 0 0 0 12828 133 5 0 0 24 0 0 0 0 0 0 0 0 0 0 0 0 0 0
20161116 21:38:15.001 0 0 0 0 0 0 0 100 0 0 0 9 22 0 138 0 0.22 1.06 1.04 0 0 1024436 587116 437320 0 33336 244536 53036 95388 236872 779052 0 0 0 0 0 0 40 0 0 67580 0 0 0 0 0 0 0 12808 133 5 0 0 24 0 0 0 0 0 0 0 0 0 0 0 0 0 0
20161116 21:38:20.001 0 0 0 0 0 0 0 100 0 0 0 13 30 0 138 1 0.21 1.05 1.04 1 0 1024436 587124 437312 0 33336 244536 53056 95388 236872 779052 0 0 0 0 0 0 128 0 0 67576 0 8 97 0 0 0 0 12824 133 5 0 0 24 0 0 0 0 0 0 2 2 0 8 8 0 0 0
20161116 21:38:25.001 0 0 0 0 0 0 0 100 0 0 0 12 24 0 138 0 0.19 1.03 1.03 0 0 1024436 587124 437312 0 33344 244548 53044 95388 236876 779052 0 0 0 0 0 0 152 0 0 67576 0 5 0 0 0 0 0 12812 133 5 0 0 24 0 0 0 0 0 0 1 1 0 5 5 0 0 0
20161116 21:38:30.001 0 0 0 0 0 0 0 99 1 0 0 13 33 0 138 1 0.17 1.01 1.03 1 0 1024436 587116 437320 0 33344 244556 53032 95388 236876 779052 0 0 0 0 0 0 168 0 0 67588 0 5 100 0 0 0 0 12788 133 5 0 0 24 0 0 0 0 0 0 1 1 0 5 5 0 0 0
20161116 21:38:35.001 1 0 0 0 0 0 0 99 1 0 0 25 49 0 138 0 0.16 1.00 1.02 0 0 1024436 587116 437320 0 33352 244556 53020 95388 236876 779052 0 0 0 0 0 0 204 0 0 67588 0 10 0 0 0 0 0 12780 133 5 0 0 24 1 0 0 0 0 0 2 2 0 10 10 0 0 0
20161116 21:38:40.007 0 0 0 0 0 0 0 100 0 0 0 10 22 0 138 0 0.15 0.98 1.02 0 0 1024436 587116 437320 0 33352 244556 53020 95388 236880 779052 0 0 0 0 0 0 204 0 0 67588 0 0 0 0 0 0 0 12780 133 5 0 0 24 1 0 0 0 0 0 0 0 0 0 0 0 0 0
20161116 21:38:45.001 0 0 0 0 0 0 0 100 0 0 0 9 21 0 138 0 0.14 0.96 1.01 0 0 1024436 587084 437352 0 33352 244556 53012 95388 236880 779052 0 0 0 0 0 0 204 0 0 67588 0 0 0 0 0 0 0 12784 133 5 0 0 24 1 0 0 0 0 0 0 0 0 0 0 0 0 0
20161116 21:38:50.006 0 0 0 0 0 0 0 100 0 0 0 11 22 0 138 0 0.13 0.95 1.01 0 0 1024436 587120 437316 0 33352 244556 53072 95388 236884 779052 0 0 0 0 0 0 76 0 0 67588 0 26 0 0 0 0 0 12840 133 5 0 0 24 1 0 0 0 0 0 6 6 0 26 26 0 0 0
20161116 21:38:55.001 0 0 0 0 0 0 0 100 0 0 0 10 22 0 138 0 0.12 0.93 1.00 0 0 1024436 587140 437296 0 33360 244556 53080 95388 236884 779052 0 0 0 0 0 0 56 0 0 67588 0 9 0 0 0 0 0 12840 133 5 0 0 24 0 0 0 0 0 0 1 1 0 9 9 0 0 0
20161116 21:39:00.001 0 0 0 0 0 0 0 100 0 0 0 14 34 0 138 1 0.11 0.92 1.00 1 0 1024436 587152 437284 0 33360 244556 53084 95388 236888 779052 0 0 0 0 0 0 0 0 0 67588 0 10 102 0 0 0 0 12840 133 5 0 0 24 0 0 0 0 0 0 2 2 0 10 10 0 0 0
20161116 21:39:05.001 3 0 0 0 0 0 0 97 3 0 0 16 37 0 138 0 0.18 0.92 1.00 0 0 1024436 587120 437316 0 33368 244556 53060 95388 236892 779052 0 0 0 0 0 0 36 0 0 67588 0 9 0 0 0 0 0 12816 133 5 0 0 24 0 0 0 0 0 0 2 2 0 9 9 0 0 0
20161116 21:39:10.001 0 0 0 0 0 0 0 100 0 0 0 10 24 0 138 1 0.16 0.90 0.99 1 0 1024436 587108 437328 0 33368 244556 53016 95388 236896 779052 0 0 0 0 0 0 36 0 0 67588 0 0 0 0 0 0 0 12792 133 5 0 0 24 0 0 0 0 0 0 0 0 0 0 0 0 0 0
20161116 21:39:15.001 0 0 0 0 0 0 0 100 0 0 0 9 22 0 138 0 0.15 0.89 0.98 0 0 1024436 587096 437340 0 33368 244556 53004 95388 236900 779052 0 0 0 0 0 0 0 0 0 67588 0 7 0 0 0 0 0 12776 133 5 0 0 24 0 0 0 0 0 0 2 2 0 7 7 0 0 0
20161116 21:39:20.004 1 0 0 0 0 0 0 99 1 0 0 16 35 0 140 1 0.14 0.87 0.98 1 0 1024436 588128 436308 0 33368 244560 53060 95488 238004 779052 0 0 0 0 0 0 132 0 0 67588 0 0 127 0 0 0 0 12828 137 6 0 0 25 0 0 0 0 0 0 0 0 0 0 0 0 0 0
20161116 21:39:25.001 0 0 0 0 0 0 0 100 0 0 0 15 36 0 142 0 0.13 0.86 0.97 0 0 1024436 589252 435184 0 33376 244576 53144 95488 238812 779052 0 0 0 0 0 0 184 0 0 67596 0 6 97 0 0 0 0 12900 139 7 0 0 26 1 0 0 0 0 0 1 1 0 6 6 0 0 0
20161116 21:39:30.001 0 0 0 0 0 0 0 100 0 0 0 20 56 0 140 1 0.12 0.84 0.97 1 0 1024436 588916 435520 0 33376 244584 53152 95520 238016 779052 0 0 0 0 0 0 252 0 0 67596 0 5 137 0 0 0 0 12900 136 6 0 0 25 0 0 0 0 0 0 1 1 0 5 5 0 0 0
20161116 21:39:35.001 1 0 0 0 0 0 0 99 1 0 0 27 60 0 138 0 0.11 0.83 0.96 0 0 1024436 590248 434188 0 33404 247440 53112 95480 236908 779052 0 0 0 0 0 0 308 0 0 69056 576 12 112 5 0 0 0 12864 133 5 0 0 24 1 0 0 0 0 10 3 13 576 12 588 0 0 0
20161116 21:39:40.008 0 0 0 0 0 0 0 100 0 0 0 10 23 0 138 1 0.10 0.82 0.96 1 0 1024436 590232 434204 0 33412 247440 53068 95480 236908 779052 0 0 0 0 0 0 312 0 0 69056 0 6 0 0 0 0 0 12820 133 5 0 0 24 1 0 0 0 0 0 1 1 0 6 6 0 0 0
20161116 21:39:45.001 0 0 0 0 0 0 0 100 0 0 0 8 20 0 138 0 0.09 0.80 0.95 0 0 1024436 590124 434312 0 33412 247440 53024 95480 236912 779052 0 0 0 0 0 0 312 0 0 69056 0 0 0 0 0 0 0 12792 133 5 0 0 24 1 0 0 0 0 0 0 0 0 0 0 0 0 0
20161116 21:39:50.008 0 0 0 0 0 0 0 100 0 0 0 12 24 0 138 1 0.08 0.79 0.95 1 0 1024436 590108 434328 0 33412 247440 53112 95480 236912 779052 0 0 0 0 0 0 92 0 0 69056 0 44 0 0 0 0 0 12872 133 5 0 0 24 1 0 0 0 0 0 9 9 0 44 44 0 0 0
20161116 21:39:55.001 0 0 0 0 0 0 0 100 0 0 0 10 20 0 138 0 0.08 0.78 0.94 0 0 1024436 590108 434328 0 33420 247440 53120 95480 236912 779052 0 0 0 0 0 0 80 0 0 69056 0 13 0 0 0 0 0 12876 133 5 0 0 24 0 0 0 0 0 0 2 2 0 13 13 0 0 0
20161116 21:40:00.004 0 0 0 0 0 0 0 100 0 0 0 13 35 0 138 1 0.07 0.76 0.94 1 0 1024436 590232 434204 0 33420 247440 53104 95480 236916 779052 0 0 0 0 0 0 4 0 0 69056 0 13 103 0 0 0 0 12860 133 5 0 0 24 0 0 0 0 0 0 3 3 0 13 13 0 0 0
20161116 21:40:05.001 1 0 0 0 0 0 0 99 1 0 0 13 31 0 138 0 0.06 0.75 0.93 0 0 1024436 590232 434204 0 33428 247440 53092 95480 236920 779052 0 0 0 0 0 0 40 0 0 69056 0 10 0 0 0 0 0 12848 133 5 0 0 24 0 0 0 0 0 0 3 3 0 10 10 0 0 0
20161116 21:40:10.004 0 0 0 0 0 0 0 100 0 0 0 9 21 0 138 1 0.06 0.74 0.93 1 0 1024436 590232 434204 0 33432 247436 53036 95480 236920 779052 0 0 0 0 0 0 40 0 0 69056 0 1 0 0 0 0 0 12816 133 5 0 0 24 0 0 0 0 0 0 0 0 0 1 1 0 0 0
20161116 21:40:15.001 0 0 0 0 0 0 0 100 0 0 0 9 21 0 138 0 0.05 0.73 0.92 0 0 1024436 590232 434204 0 33432 247440 53028 95480 236920 779052 0 0 0 0 0 0 0 0 0 69056 0 8 0 0 0 0 0 12804 133 5 0 0 24 0 0 0 0 0 0 2 2 0 8 8 0 0 0
20161116 21:40:20.004 0 0 0 0 0 0 0 100 0 0 0 9 20 0 138 1 0.05 0.71 0.92 1 0 1024436 590232 434204 0 33432 247440 53008 95480 236920 779052 0 0 0 0 0 0 0 0 0 69056 0 0 0 0 0 0 0 12784 133 5 0 0 24 0 0 0 0 0 0 0 0 0 0 0 0 0 0
20161116 21:40:25.001 0 0 0 0 0 0 0 100 0 0 0 9 21 0 138 0 0.05 0.70 0.91 0 0 1024436 590232 434204 0 33432 247456 53008 95480 236924 779052 0 0 0 0 0 0 20 0 0 69056 0 0 0 0 0 0 0 12780 133 5 0 0 24 0 0 0 0 0 0 0 0 0 0 0 0 0 0
20161116 21:40:30.002 0 0 0 0 0 0 0 99 1 0 0 14 33 0 138 1 0.04 0.69 0.91 1 0 1024436 590232 434204 0 33440 247456 53020 95480 236924 779052 0 0 0 0 0 0 24 0 0 69060 0 7 101 0 0 0 0 12784 133 5 0 0 24 0 0 0 0 0 0 2 2 0 7 7 0 0 0
20161116 21:40:35.002 1 0 0 0 0 0 0 98 1 0 0 24 47 0 138 0 0.04 0.68 0.90 0 0 1024436 590232 434204 0 33448 247456 53012 95480 236928 779052 0 0 0 0 0 0 60 0 0 69060 0 9 0 0 0 0 0 12780 133 5 0 0 24 1 0 0 0 0 0 2 2 0 9 9 0 0 0
