################################################################################
# Collectl:   V3.7.4-1  HiRes: 1  Options: -scmsd -i 1 -R 1m -oDm -P -f/tmp 
# Host:       rabbitmq  DaemonOpts: 
# Booted:     1478805815.96 [20161110-19:23:35]
# Distro:     debian 8.6  Platform: Droplet
# Date:       20161115-213149  Secs: 1479245509 TZ: +0000
# SubSys:     cmsd Options: Dm Interval: 1 NumCPUs: 1  NumBud: 0 Flags: i
# Filters:    NfsFilt:  EnvFilt:  TcpFilt: ituc
# HZ:         100  Arch: x86_64-linux-gnu-thread-multi PageSize: 4096
# Cpu:        GenuineIntel Speed(MHz): 2399.998 Cores: 1  Siblings: 1 Nodes: 1
# Kernel:     3.16.0-4-amd64  Memory: 1024436 kB  Swap: 0 kB
# NumDisks:   1 DiskNames: vda
# NumNets:    5 NetNames: lo:?? vethb355fde:10000 eth1:?? docker0:?? eth0:??
################################################################################
#Date Time [CPU]User% [CPU]Nice% [CPU]Sys% [CPU]Wait% [CPU]Irq% [CPU]Soft% [CPU]Steal% [CPU]Idle% [CPU]Totl% [CPU]Guest% [CPU]GuestN% [CPU]Intrpt/sec [CPU]Ctx/sec [CPU]Proc/sec [CPU]ProcQue [CPU]ProcRun [CPU]L-Avg1 [CPU]L-Avg5 [CPU]L-Avg15 [CPU]RunTot [CPU]BlkTot [MEM]Tot [MEM]Used [MEM]Free [MEM]Shared [MEM]Buf [MEM]Cached [MEM]Slab [MEM]Map [MEM]Anon [MEM]Commit [MEM]Locked [MEM]SwapTot [MEM]SwapUsed [MEM]SwapFree [MEM]SwapIn [MEM]SwapOut [MEM]Dirty [MEM]Clean [MEM]Laundry [MEM]Inactive [MEM]PageIn [MEM]PageOut [MEM]PageFaults [MEM]PageMajFaults [MEM]HugeTotal [MEM]HugeFree [MEM]HugeRsvd [MEM]SUnreclaim [SOCK]Used [SOCK]Tcp [SOCK]Orph [SOCK]Tw [SOCK]Alloc [SOCK]Mem [SOCK]Udp [SOCK]Raw [SOCK]Frag [SOCK]FragMem [DSK]ReadTot [DSK]WriteTot [DSK]OpsTot [DSK]ReadKBTot [DSK]WriteKBTot [DSK]KbTot [DSK]ReadMrgTot [DSK]WriteMrgTot [DSK]MrgTot
20161115 21:31:51.001 4 0 1 0 0 0 0 95 5 0 0 93 159 0 176 2 0.00 0.02 0.05 1 0 1024436 780704 243732 0 133812 361420 68356 94688 199816 623724 0 0 0 0 0 0 408 0 0 209872 0 0 18 0 0 0 0 15064 350 5 0 1 256 189 0 0 0 0 0 0 0 0 0 0 0 0 0
20161115 21:31:52.001 2 0 0 0 0 0 0 98 2 0 0 126 240 0 176 1 0.00 0.02 0.05 0 0 1024436 780560 243876 0 133812 361420 68320 94688 199844 623724 0 0 0 0 0 0 408 0 0 209872 0 0 69 0 0 0 0 15028 350 5 0 1 256 189 0 0 0 0 0 0 0 0 0 0 0 0 0
20161115 21:31:53.001 1 0 0 0 0 0 0 99 1 0 0 69 131 0 176 1 0.00 0.02 0.05 0 0 1024436 780516 243920 0 133812 361420 68316 94688 199856 623724 0 0 0 0 0 0 408 0 0 209872 0 0 1 0 0 0 0 15024 350 5 0 1 256 187 0 0 0 0 0 0 0 0 0 0 0 0 0
20161115 21:31:54.001 7 0 0 1 0 0 0 92 7 0 0 97 138 0 176 1 0.00 0.02 0.05 0 0 1024436 780484 243952 0 133816 361416 68316 94688 199856 623724 0 0 0 0 0 0 528 0 0 209872 0 188 0 0 0 0 0 15024 350 5 0 1 256 189 0 0 0 0 0 47 47 0 188 188 0 0 0
20161115 21:31:55.001 3 0 0 0 0 0 0 97 3 0 0 96 180 0 176 1 0.00 0.02 0.05 0 0 1024436 780452 243984 0 133816 361420 68316 94688 199864 623724 0 0 0 0 0 0 532 0 0 209872 0 0 2 0 0 0 0 15024 350 5 0 1 256 190 0 0 0 0 0 0 0 0 0 0 0 0 0
20161115 21:31:56.001 1 0 0 0 0 0 0 99 1 0 0 101 197 0 176 1 0.00 0.02 0.05 0 0 1024436 780644 243792 0 133816 361420 68316 94688 199864 623724 0 0 0 0 0 0 532 0 0 209872 0 0 0 0 0 0 0 15024 350 5 0 1 256 189 0 0 0 0 0 0 0 0 0 0 0 0 0
20161115 21:31:57.001 2 0 0 0 0 0 0 98 2 0 0 127 237 0 176 0 0.00 0.02 0.05 0 0 1024436 780620 243816 0 133816 361420 68272 94688 199864 623724 0 0 0 0 0 0 532 0 0 209872 0 0 0 0 0 0 0 14996 350 5 0 1 256 183 0 0 0 0 0 0 0 0 0 0 0 0 0
20161115 21:31:58.001 1 0 0 0 0 0 0 99 1 0 0 96 170 0 176 1 0.00 0.02 0.05 0 0 1024436 780588 243848 0 133816 361420 68272 94688 199864 623724 0 0 0 0 0 0 532 0 0 209872 0 0 0 0 0 0 0 14996 350 5 0 1 256 180 0 0 0 0 0 0 0 0 0 0 0 0 0
20161115 21:31:59.001 5 0 0 0 0 0 0 95 5 0 0 99 170 0 176 0 0.00 0.02 0.05 0 0 1024436 780556 243880 0 133816 361420 68272 94688 199864 623724 0 0 0 0 0 0 532 0 0 209872 0 0 0 0 0 0 0 14996 350 5 0 1 256 178 0 0 0 0 0 0 0 0 0 0 0 0 0
20161115 21:32:00.001 3 0 0 0 0 0 0 97 3 0 0 84 189 2 176 1 0.00 0.02 0.05 1 0 1024436 780524 243912 0 133816 361420 68272 94688 199864 623724 0 0 0 0 0 0 532 0 0 209868 0 0 225 0 0 0 0 14996 350 5 0 1 256 176 0 0 0 0 0 0 0 0 0 0 0 0 0
20161115 21:32:01.001 12 0 0 0 0 0 0 88 12 0 0 110 225 0 176 0 0.00 0.02 0.05 0 0 1024436 780524 243912 0 133816 361420 68264 94688 199864 623724 0 0 0 0 0 0 532 0 0 209868 0 0 0 0 0 0 0 14988 350 5 0 1 256 174 0 0 0 0 0 0 0 0 0 0 0 0 0
20161115 21:32:02.001 2 0 0 0 0 0 0 98 2 0 0 108 199 0 176 0 0.00 0.02 0.05 0 0 1024436 780492 243944 0 133816 361420 68268 94688 199868 623724 0 0 0 0 0 0 532 0 0 209868 0 0 1 0 0 0 0 14988 350 5 0 1 256 171 0 0 0 0 0 0 0 0 0 0 0 0 0
20161115 21:32:03.001 1 0 0 0 0 0 0 99 1 0 0 91 168 0 176 0 0.00 0.02 0.05 0 0 1024436 780492 243944 0 133816 361420 68268 94688 199872 623724 0 0 0 0 0 0 532 0 0 209868 0 0 1 0 0 0 0 14988 350 5 0 1 256 169 0 0 0 0 0 0 0 0 0 0 0 0 0
20161115 21:32:04.001 6 0 0 0 0 0 0 94 6 0 0 97 153 0 176 1 0.00 0.02 0.05 0 0 1024436 780460 243976 0 133816 361420 68268 94688 199872 623724 0 0 0 0 0 0 532 0 0 209868 0 0 0 0 0 0 0 14988 350 5 0 0 256 167 0 0 0 0 0 0 0 0 0 0 0 0 0
20161115 21:32:05.001 2 0 1 0 0 0 0 97 3 0 0 84 167 0 176 0 0.00 0.02 0.05 0 0 1024436 780612 243824 0 133816 361420 68256 94688 199872 623724 0 0 0 0 0 0 532 0 0 209868 0 0 0 0 0 0 0 14976 350 5 0 0 256 168 0 0 0 0 0 0 0 0 0 0 0 0 0
20161115 21:32:06.001 0 0 0 0 0 0 0 100 0 0 0 78 153 0 176 1 0.00 0.02 0.05 0 0 1024436 780612 243824 0 133816 361420 68256 94688 199872 623724 0 0 0 0 0 0 532 0 0 209868 0 0 1 0 0 0 0 14976 350 5 0 0 256 169 0 0 0 0 0 0 0 0 0 0 0 0 0
20161115 21:32:07.001 2 0 0 0 0 0 0 98 2 0 0 111 211 0 176 1 0.00 0.02 0.05 0 0 1024436 780580 243856 0 133816 361420 68256 94688 199872 623724 0 0 0 0 0 0 532 0 0 209868 0 0 0 0 0 0 0 14976 350 5 0 0 256 168 0 0 0 0 0 0 0 0 0 0 0 0 0
20161115 21:32:08.001 2 0 0 0 0 0 0 98 2 0 0 75 129 0 176 0 0.00 0.02 0.05 0 0 1024436 780580 243856 0 133816 361420 68256 94688 199872 623724 0 0 0 0 0 0 532 0 0 209868 0 0 0 0 0 0 0 14976 350 5 0 0 256 165 0 0 0 0 0 0 0 0 0 0 0 0 0
20161115 21:32:09.001 5 0 0 0 0 0 1 94 6 0 0 95 142 0 176 1 0.00 0.02 0.05 0 0 1024436 780548 243888 0 133816 361420 68252 94688 199872 623724 0 0 0 0 0 0 532 0 0 209868 0 0 0 0 0 0 0 14972 350 5 0 0 256 161 0 0 0 0 0 0 0 0 0 0 0 0 0
20161115 21:32:10.001 1 0 0 0 0 0 0 99 1 0 0 87 192 2 176 2 0.00 0.02 0.05 1 0 1024436 780548 243888 0 133816 361420 68252 94688 199872 623724 0 0 0 0 0 0 532 0 0 209868 0 0 225 0 0 0 0 14972 350 5 0 0 256 160 0 0 0 0 0 0 0 0 0 0 0 0 0
20161115 21:32:11.001 4 0 1 0 0 0 0 95 5 0 0 107 192 0 176 1 0.00 0.02 0.05 0 0 1024436 780516 243920 0 133816 361420 68268 94688 199872 623724 0 0 0 0 0 0 532 0 0 209868 0 0 1 0 0 0 0 14972 350 5 0 1 256 156 0 0 0 0 0 0 0 0 0 0 0 0 0
20161115 21:32:12.001 2 0 0 0 0 0 0 98 2 0 0 97 181 0 176 1 0.00 0.02 0.05 0 0 1024436 780516 243920 0 133816 361420 68392 94688 199876 623724 0 0 0 0 0 0 344 0 0 209868 0 188 1 0 0 0 0 15084 350 5 0 1 256 155 0 0 0 0 0 45 45 0 188 188 0 0 0
20161115 21:32:13.001 1 0 0 0 0 0 0 99 1 0 0 65 132 0 176 2 0.00 0.02 0.05 1 0 1024436 780516 243920 0 133816 361420 68392 94688 199876 623724 0 0 0 0 0 0 344 0 0 209868 0 0 0 0 0 0 0 15084 350 5 0 1 256 158 0 0 0 0 0 0 0 0 0 0 0 0 0
20161115 21:32:14.001 5 0 0 0 0 0 0 95 5 0 0 64 112 0 176 1 0.00 0.02 0.05 0 0 1024436 780516 243920 0 133816 361420 68392 94688 199876 623724 0 0 0 0 0 0 344 0 0 209868 0 0 0 0 0 0 0 15084 350 5 0 1 256 161 0 0 0 0 0 0 0 0 0 0 0 0 0
20161115 21:32:15.001 2 0 0 0 0 0 0 98 2 0 0 75 154 0 176 1 0.00 0.02 0.05 0 0 1024436 780484 243952 0 133816 361420 68388 94688 199876 623724 0 0 0 0 0 0 344 0 0 209868 0 0 0 0 0 0 0 15080 350 5 0 1 256 163 0 0 0 0 0 0 0 0 0 0 0 0 0
20161115 21:32:16.001 3 0 0 0 0 0 0 97 3 0 0 81 151 0 176 0 0.00 0.02 0.05 0 0 1024436 780484 243952 0 133816 361420 68388 94688 199876 623724 0 0 0 0 0 0 344 0 0 209868 0 0 0 0 0 0 0 15080 350 5 0 1 256 166 0 0 0 0 0 0 0 0 0 0 0 0 0
20161115 21:32:17.001 2 0 0 0 0 0 0 98 2 0 0 112 198 0 176 0 0.00 0.02 0.05 0 0 1024436 780484 243952 0 133816 361420 68368 94688 199876 623724 0 0 0 0 0 0 132 0 0 209868 0 240 0 0 0 0 0 15060 350 5 0 1 256 169 0 0 0 0 0 49 49 0 240 240 0 11 11
20161115 21:32:18.001 3 0 0 0 0 0 0 97 3 0 0 82 162 0 176 0 0.00 0.02 0.05 0 0 1024436 780452 243984 0 133816 361420 68368 94688 199876 623724 0 0 0 0 0 0 132 0 0 209868 0 0 0 0 0 0 0 15060 350 5 0 1 256 173 0 0 0 0 0 0 0 0 0 0 0 0 0
20161115 21:32:19.001 4 0 0 0 0 0 1 95 5 0 0 86 149 0 176 1 0.00 0.02 0.05 0 0 1024436 780612 243824 0 133816 361420 68368 94688 199880 623724 0 0 0 0 0 0 132 0 0 209868 0 0 1 0 0 0 0 15060 350 5 0 1 256 177 0 0 0 0 0 0 0 0 0 0 0 0 0
20161115 21:32:20.001 4 0 0 0 0 0 0 96 4 0 0 82 179 2 176 1 0.00 0.02 0.05 1 0 1024436 780704 243732 0 133816 361420 68368 94688 199880 623724 0 0 0 0 0 0 132 0 0 209860 0 0 226 0 0 0 0 15060 350 5 0 1 256 176 0 0 0 0 0 0 0 0 0 0 0 0 0
20161115 21:32:21.001 2 0 1 0 0 0 0 97 3 0 0 95 181 0 176 1 0.00 0.02 0.05 0 0 1024436 780672 243764 0 133816 361420 68352 94688 199884 623724 0 0 0 0 0 0 132 0 0 209860 0 0 1 0 0 0 0 15044 350 5 0 1 256 181 0 0 0 0 0 0 0 0 0 0 0 0 0
20161115 21:32:22.002 3 0 0 0 0 0 1 96 4 0 0 109 189 0 176 0 0.00 0.02 0.05 0 0 1024436 780672 243764 0 133816 361420 68352 94688 199884 623724 0 0 0 0 0 0 16 0 0 209860 0 116 0 0 0 0 0 15044 350 5 0 1 256 178 0 0 0 0 0 6 6 0 116 116 0 0 0
20161115 21:32:23.002 2 0 0 0 0 0 0 98 2 0 0 85 137 0 176 0 0.08 0.03 0.05 0 0 1024436 780640 243796 0 133816 361420 68352 94688 199884 623724 0 0 0 0 0 0 16 0 0 209860 0 0 0 0 0 0 0 15044 350 5 0 1 256 181 0 0 0 0 0 0 0 0 0 0 0 0 0
20161115 21:32:24.001 6 0 0 0 0 0 0 94 6 0 0 92 156 0 176 1 0.08 0.03 0.05 0 0 1024436 780608 243828 0 133816 361420 68352 94688 199884 623724 0 0 0 0 0 0 16 0 0 209860 0 0 0 0 0 0 0 15044 350 5 0 1 256 185 0 0 0 0 0 0 0 0 0 0 0 0 0
20161115 21:32:25.001 1 0 0 0 0 0 0 99 1 0 0 90 191 0 176 1 0.08 0.03 0.05 0 0 1024436 780576 243860 0 133816 361420 68328 94688 199884 623724 0 0 0 0 0 0 16 0 0 209860 0 0 0 0 0 0 0 15024 350 5 0 1 256 187 0 0 0 0 0 0 0 0 0 0 0 0 0
20161115 21:32:26.001 0 0 0 0 0 0 0 100 0 0 0 89 177 0 176 0 0.08 0.03 0.05 0 0 1024436 780576 243860 0 133816 361420 68328 94688 199884 623724 0 0 0 0 0 0 16 0 0 209860 0 0 1 0 0 0 0 15024 350 5 0 1 256 191 0 0 0 0 0 0 0 0 0 0 0 0 0
20161115 21:32:27.001 3 0 0 0 0 0 0 97 3 0 0 109 219 0 176 1 0.08 0.03 0.05 0 0 1024436 780736 243700 0 133816 361420 68328 94688 199884 623724 0 0 0 0 0 0 16 0 0 209860 0 44 0 0 0 0 0 15024 350 5 0 1 256 193 0 0 0 0 0 11 11 0 44 44 0 0 0
20161115 21:32:28.001 2 0 1 0 0 0 0 97 3 0 0 86 169 0 176 0 0.16 0.05 0.06 0 0 1024436 780736 243700 0 133816 361420 68328 94688 199884 623724 0 0 0 0 0 0 44 0 0 209860 0 0 0 0 0 0 0 15024 350 5 0 1 256 199 0 0 0 0 0 0 0 0 0 0 0 0 0
20161115 21:32:29.001 5 0 0 0 0 0 0 95 5 0 0 77 133 0 176 1 0.16 0.05 0.06 0 0 1024436 780704 243732 0 133816 361420 68312 94688 199884 623724 0 0 0 0 0 0 44 0 0 209860 0 0 0 0 0 0 0 15012 350 5 0 1 256 200 0 0 0 0 0 0 0 0 0 0 0 0 0
20161115 21:32:30.001 2 0 0 0 0 0 0 98 2 0 0 80 205 2 176 2 0.16 0.05 0.06 1 0 1024436 780704 243732 0 133816 361420 68312 94688 199888 623724 0 0 0 0 0 0 44 0 0 209852 0 0 224 0 0 0 0 15012 350 5 0 1 256 202 0 0 0 0 0 0 0 0 0 0 0 0 0
20161115 21:32:31.001 4 0 0 0 0 0 0 96 4 0 0 84 161 0 176 1 0.16 0.05 0.06 0 0 1024436 780672 243764 0 133816 361440 68316 94688 199888 623724 0 0 0 0 0 0 68 0 0 209852 0 0 0 0 0 0 0 15012 350 5 0 1 256 206 0 0 0 0 0 0 0 0 0 0 0 0 0
20161115 21:32:32.001 2 0 0 0 0 0 1 97 3 0 0 108 216 0 176 0 0.16 0.05 0.06 0 0 1024436 780672 243764 0 133816 361440 68316 94688 199888 623724 0 0 0 0 0 0 68 0 0 209852 0 0 0 0 0 0 0 15012 350 5 0 1 256 213 0 0 0 0 0 0 0 0 0 0 0 0 0
20161115 21:32:33.001 1 0 1 0 0 0 0 98 2 0 0 83 157 2 178 1 0.22 0.07 0.06 0 0 1024436 781300 243136 0 133816 361444 68320 94716 200692 627772 0 0 0 0 0 0 68 0 0 209860 0 0 454 0 0 0 0 15016 353 6 0 1 257 218 0 0 0 0 0 0 0 0 0 0 0 0 0
20161115 21:32:34.001 4 0 1 0 0 0 0 95 5 0 0 94 150 0 178 1 0.22 0.07 0.06 1 0 1024436 781268 243168 0 133816 361444 68320 94716 200692 627772 0 0 0 0 0 0 68 0 0 209860 0 0 0 0 0 0 0 15016 353 6 0 1 257 216 0 0 0 0 0 0 0 0 0 0 0 0 0
20161115 21:32:35.001 6 0 0 0 0 0 0 94 6 0 0 85 149 0 178 0 0.22 0.07 0.06 0 0 1024436 781268 243168 0 133816 361444 68320 94716 200692 627772 0 0 0 0 0 0 68 0 0 209860 0 0 0 0 0 0 0 15016 353 6 0 1 257 209 0 0 0 0 0 0 0 0 0 0 0 0 0
20161115 21:32:36.001 3 0 0 0 0 0 0 97 3 0 0 92 162 0 178 0 0.22 0.07 0.06 0 0 1024436 781236 243200 0 133816 361444 68320 94716 200692 627772 0 0 0 0 0 0 68 0 0 209860 0 12 0 0 0 0 0 15016 353 6 0 1 257 206 0 0 0 0 0 3 3 0 12 12 0 0 0
20161115 21:32:37.001 2 0 0 0 0 0 0 98 2 0 0 106 201 0 178 0 0.22 0.07 0.06 0 0 1024436 781236 243200 0 133816 361444 68300 94716 200696 627772 0 0 0 0 0 0 72 0 0 209860 0 0 1 0 0 0 0 15000 353 6 0 1 257 205 0 0 0 0 0 0 0 0 0 0 0 0 0
20161115 21:32:38.001 3 0 0 0 0 0 0 97 3 0 0 77 138 0 178 1 0.21 0.07 0.06 0 0 1024436 781204 243232 0 133816 361444 68300 94716 200700 627772 0 0 0 0 0 0 72 0 0 209860 0 0 1 0 0 0 0 15000 353 6 0 1 257 202 0 0 0 0 0 0 0 0 0 0 0 0 0
20161115 21:32:39.001 1 0 0 0 0 0 0 99 1 0 0 70 134 0 178 1 0.21 0.07 0.06 0 0 1024436 781396 243040 0 133816 361444 68300 94716 200700 627772 0 0 0 0 0 0 72 0 0 209860 0 0 0 0 0 0 0 15000 353 6 0 1 257 200 0 0 0 0 0 0 0 0 0 0 0 0 0
20161115 21:32:40.001 4 0 1 0 0 0 0 95 5 0 0 89 175 2 178 1 0.21 0.07 0.06 1 0 1024436 781644 242792 0 133816 361444 68300 94716 200700 627772 0 0 0 0 0 0 72 0 0 209856 0 0 226 0 0 0 0 15000 353 6 0 1 257 195 0 0 0 0 0 0 0 0 0 0 0 0 0
20161115 21:32:41.001 2 0 1 0 0 0 0 97 3 0 0 121 209 2 180 1 0.21 0.07 0.06 0 0 1024436 782388 242048 0 133816 361448 68308 94720 201500 627772 0 0 0 0 0 0 72 0 0 209856 0 0 453 0 0 0 0 15004 356 7 0 1 258 194 0 0 0 0 0 0 0 0 0 0 0 0 0
20161115 21:32:42.001 2 0 0 0 0 0 0 98 2 0 0 107 189 0 180 1 0.21 0.07 0.06 0 0 1024436 782356 242080 0 133816 361448 68308 94720 201500 627772 0 0 0 0 0 0 72 0 0 209856 0 0 0 0 0 0 0 15004 356 7 0 1 258 175 0 0 0 0 0 0 0 0 0 0 0 0 0
20161115 21:32:43.001 2 0 0 0 0 0 0 98 2 0 0 71 126 0 180 1 0.19 0.06 0.06 0 0 1024436 782356 242080 0 133816 361448 68308 94720 201500 627772 0 0 0 0 0 0 72 0 0 209856 0 0 0 0 0 0 0 15004 356 7 0 1 258 172 0 0 0 0 0 0 0 0 0 0 0 0 0
20161115 21:32:44.001 3 0 0 0 0 0 0 97 3 0 0 70 123 0 180 1 0.19 0.06 0.06 0 0 1024436 782324 242112 0 133816 361448 68308 94720 201500 627772 0 0 0 0 0 0 72 0 0 209856 0 0 0 0 0 0 0 15004 356 7 0 1 258 172 0 0 0 0 0 0 0 0 0 0 0 0 0
20161115 21:32:45.001 5 0 0 0 0 0 0 95 5 0 0 102 203 2 180 0 0.19 0.06 0.06 0 0 1024436 782944 241492 0 133816 361452 68356 94724 201520 631888 0 0 0 0 0 0 176 0 0 209856 0 0 490 0 0 0 0 15052 356 8 1 1 259 174 0 0 0 0 0 0 0 0 0 0 0 0 0
20161115 21:32:46.001 0 0 1 0 0 0 0 99 1 0 0 80 146 0 180 1 0.19 0.06 0.06 0 0 1024436 782912 241524 0 133816 361448 68344 94720 201500 631888 0 0 0 0 0 0 204 0 0 209856 0 0 1 0 0 0 0 15036 356 7 0 1 258 173 0 0 0 0 0 0 0 0 0 0 0 0 0
20161115 21:32:47.001 2 0 0 0 0 0 0 98 2 0 0 122 246 0 180 0 0.19 0.06 0.06 0 0 1024436 782912 241524 0 133816 361448 68344 94720 201504 631888 0 0 0 0 0 0 156 0 0 209856 0 44 1 0 0 0 0 15036 356 7 0 1 258 193 0 0 0 0 0 10 10 0 44 44 0 1 1
20161115 21:32:48.001 3 0 0 0 0 0 0 97 3 0 0 74 137 0 180 0 0.17 0.06 0.06 0 0 1024436 782848 241588 0 133816 361448 68344 94720 201504 631888 0 0 0 0 0 0 156 0 0 209856 0 0 0 0 0 0 0 15036 356 7 0 1 258 196 0 0 0 0 0 0 0 0 0 0 0 0 0
20161115 21:32:49.001 2 0 0 0 0 0 0 98 2 0 0 69 135 0 180 1 0.17 0.06 0.06 0 0 1024436 783040 241396 0 133816 361448 68340 94720 201504 631888 0 0 0 0 0 0 156 0 0 209856 0 0 0 0 0 0 0 15032 356 7 0 1 258 198 0 0 0 0 0 0 0 0 0 0 0 0 0
