################################################################################
# Collectl:   V3.7.4-1  HiRes: 1  Options: -scmsd -i 5 -R 1200s -oDm -P -f/tmp 
# Host:       data-collector  DaemonOpts: 
# Booted:     1479330564.83 [20161116-21:09:24]
# Distro:     debian 8.6  Platform: Droplet
# Date:       20161116-212039  Secs: 1479331239 TZ: +0000
# SubSys:     cmsd Options: Dm Interval: 5 NumCPUs: 1  NumBud: 0 Flags: i
# Filters:    NfsFilt:  EnvFilt:  TcpFilt: ituc
# HZ:         100  Arch: x86_64-linux-gnu-thread-multi PageSize: 4096
# Cpu:        GenuineIntel Speed(MHz): 2399.998 Cores: 1  Siblings: 1 Nodes: 1
# Kernel:     3.16.0-4-amd64  Memory: 1024436 kB  Swap: 0 kB
# NumDisks:   1 DiskNames: vda
# NumNets:    8 NetNames: vethb2976c2:10000 veth922dbe2:10000 lo:?? vethe7886d7:10000 veth6d4dec3:10000 eth1:?? docker0:?? eth0:??
################################################################################
#Date Time [CPU]User% [CPU]Nice% [CPU]Sys% [CPU]Wait% [CPU]Irq% [CPU]Soft% [CPU]Steal% [CPU]Idle% [CPU]Totl% [CPU]Guest% [CPU]GuestN% [CPU]Intrpt/sec [CPU]Ctx/sec [CPU]Proc/sec [CPU]ProcQue [CPU]ProcRun [CPU]L-Avg1 [CPU]L-Avg5 [CPU]L-Avg15 [CPU]RunTot [CPU]BlkTot [MEM]Tot [MEM]Used [MEM]Free [MEM]Shared [MEM]Buf [MEM]Cached [MEM]Slab [MEM]Map [MEM]Anon [MEM]Commit [MEM]Locked [MEM]SwapTot [MEM]SwapUsed [MEM]SwapFree [MEM]SwapIn [MEM]SwapOut [MEM]Dirty [MEM]Clean [MEM]Laundry [MEM]Inactive [MEM]PageIn [MEM]PageOut [MEM]PageFaults [MEM]PageMajFaults [MEM]HugeTotal [MEM]HugeFree [MEM]HugeRsvd [MEM]SUnreclaim [SOCK]Used [SOCK]Tcp [SOCK]Orph [SOCK]Tw [SOCK]Alloc [SOCK]Mem [SOCK]Udp [SOCK]Raw [SOCK]Frag [SOCK]FragMem [DSK]ReadTot [DSK]WriteTot [DSK]OpsTot [DSK]ReadKBTot [DSK]WriteKBTot [DSK]KbTot [DSK]ReadMrgTot [DSK]WriteMrgTot [DSK]MrgTot
20161116 21:20:45.002 84 0 12 0 0 4 0 0 100 0 0 784 4823 11 218 7 0.96 0.46 0.19 5 0 1024436 931888 92548 0 21416 495160 77568 89084 316472 1175504 0 0 0 0 0 0 2932 0 0 233500 0 678 66 0 0 0 0 17376 217 5 0 3 80 24 0 0 0 0 0 86 86 0 678 678 0 3 3
20161116 21:20:50.006 86 0 10 0 0 3 0 0 100 0 0 722 4409 11 217 8 1.13 0.51 0.21 8 0 1024436 934016 90420 0 21424 496220 77540 89140 317484 1175504 0 0 0 0 0 0 3808 0 0 233556 0 585 69 0 0 0 0 17356 217 5 0 0 80 27 0 0 0 0 0 71 71 0 585 585 0 0 0
20161116 21:20:55.002 87 0 9 0 0 3 0 0 100 0 0 726 4525 11 217 7 1.28 0.55 0.22 5 0 1024436 935672 88764 0 21436 497376 77504 89228 318036 1175504 0 0 0 0 0 0 4716 0 0 233636 1 626 38 0 0 0 0 17344 217 5 0 0 80 32 0 0 0 0 0 75 75 1 626 627 0 0 0
20161116 21:21:00.001 88 0 8 0 0 3 0 0 100 0 0 707 4422 11 217 2 1.50 0.60 0.25 2 0 1024436 937628 86808 0 21444 498608 77528 89348 318876 1179712 0 0 0 0 0 0 880 0 0 233692 0 1621 189 0 0 0 0 17368 217 5 0 0 80 27 0 0 0 0 0 84 84 0 1621 1621 0 0 0
20161116 21:21:05.002 86 0 11 0 0 3 0 0 100 0 0 754 4566 11 217 5 1.62 0.64 0.26 4 0 1024436 953592 70844 0 21452 485056 77552 89428 348196 1179712 0 0 0 0 0 0 1168 0 0 235620 0 664 1473 0 0 0 0 17356 217 5 0 0 80 30 0 0 0 0 0 69 69 0 664 664 0 0 0
20161116 21:21:10.005 87 0 10 0 0 3 0 0 100 0 0 769 4857 11 217 8 1.73 0.68 0.27 8 0 1024436 959284 65152 0 21460 486200 77552 89484 352868 1179712 0 0 0 0 0 0 1900 0 0 235668 0 692 241 0 0 0 0 17352 217 5 0 0 80 32 0 0 0 0 0 85 85 0 692 692 0 0 0
20161116 21:21:15.002 87 0 9 0 0 3 0 0 100 0 0 700 4478 10 217 5 1.99 0.75 0.30 4 0 1024436 962488 61948 0 21468 487400 77576 89564 354824 1179712 0 0 0 0 0 0 2876 0 0 235744 0 655 106 0 0 0 0 17368 217 5 0 0 80 19 0 0 0 0 0 79 79 0 655 655 0 0 0
20161116 21:21:20.001 85 0 11 0 0 4 0 0 100 0 0 641 4072 11 217 2 2.07 0.79 0.31 2 0 1024436 949932 74504 0 21476 473848 77568 89620 355728 1179712 0 0 0 0 0 0 3696 0 0 236552 0 659 53 0 0 0 0 17356 217 5 0 0 80 18 0 0 0 0 0 81 81 0 659 659 0 1 1
20161116 21:21:25.002 86 0 10 0 0 3 0 0 100 0 0 771 4666 10 217 2 2.06 0.81 0.32 1 1 1024436 952540 71896 0 21484 474924 77568 89708 357260 1179712 0 0 0 0 0 0 4604 0 0 236608 0 594 470 0 0 0 0 17352 217 5 0 0 80 18 0 0 0 0 0 71 71 0 593 593 0 0 0
20161116 21:21:30.006 86 0 10 0 0 4 0 0 100 0 0 765 4641 10 217 7 2.22 0.86 0.34 6 0 1024436 954664 69772 0 21492 476028 77588 89796 358352 1179712 0 0 0 0 0 0 436 0 0 236696 0 1633 163 0 0 0 0 17372 217 5 0 0 80 23 0 0 0 0 0 78 78 0 1635 1635 0 0 0
20161116 21:21:35.001 90 0 9 0 0 2 0 0 100 0 0 479 3192 11 217 3 2.28 0.90 0.36 3 0 1024436 957372 67064 0 21500 477280 77592 89844 359700 1179712 0 0 0 0 0 0 1468 0 0 236744 0 718 75 0 0 0 0 17364 217 5 0 0 80 9 0 0 0 0 0 87 87 0 718 718 0 0 0
20161116 21:21:40.001 88 0 9 0 0 2 0 0 100 0 0 369 2536 10 217 4 2.42 0.95 0.38 4 0 1024436 958736 65700 0 21508 478620 77580 89924 359720 1179712 0 0 0 0 0 0 2152 0 0 236824 0 829 10 0 0 0 0 17356 217 5 0 0 80 10 0 0 0 0 0 90 90 0 829 829 0 0 0
20161116 21:21:45.001 89 0 8 0 0 3 0 0 100 0 0 370 2535 10 217 3 2.47 0.99 0.39 3 0 1024436 960104 64332 0 21516 480004 77584 90028 359776 1179712 0 0 0 0 0 0 3224 0 0 236928 0 731 14 0 0 0 0 17352 217 5 0 0 80 12 0 0 0 0 0 88 88 0 731 731 0 0 0
20161116 21:21:50.007 90 0 8 0 0 2 0 0 100 0 0 366 2504 10 217 4 2.59 1.04 0.41 4 0 1024436 961436 63000 0 21524 481240 77580 90076 359792 1179712 0 0 0 0 0 0 4260 0 0 236968 0 722 8 0 0 0 0 17352 217 5 0 0 80 14 0 0 0 0 0 87 87 0 722 722 0 0 0
20161116 21:21:55.001 88 0 9 0 0 2 0 0 100 0 0 368 2543 11 217 2 2.62 1.07 0.42 2 0 1024436 962832 61604 0 21532 482568 77584 90156 359832 1179712 0 0 0 0 0 0 5236 0 0 237048 0 741 12 0 0 0 0 17352 217 5 0 0 80 22 0 0 0 0 0 90 90 0 741 741 0 0 0
20161116 21:22:00.001 86 0 11 0 0 2 0 0 100 0 0 348 2098 11 218 2 2.73 1.12 0.44 2 0 1024436 949104 75332 0 21540 468884 77612 90220 359840 1179712 0 0 0 0 0 0 6124 0 0 232300 0 567 197 0 0 0 0 17372 217 5 0 0 80 20 0 0 0 0 0 70 70 0 567 567 0 0 0
20161116 21:22:05.002 89 0 8 0 0 2 0 0 100 0 0 353 2253 10 217 2 2.75 1.15 0.46 2 0 1024436 950356 74080 0 21548 470020 77600 90300 359860 1179712 0 0 0 0 0 0 444 0 0 232380 0 1930 10 0 0 0 0 17356 217 5 0 0 80 19 0 0 0 0 0 77 77 0 1930 1930 0 0 0
20161116 21:22:10.003 88 0 9 0 0 3 0 0 100 0 0 369 2541 11 217 4 2.77 1.18 0.47 4 0 1024436 951728 72708 0 21556 471368 77584 90356 359900 1179712 0 0 0 0 0 0 1488 0 0 232436 0 753 13 0 0 0 0 17352 217 5 0 0 80 21 0 0 0 0 0 89 89 0 753 753 0 0 0
20161116 21:22:15.002 90 0 9 0 0 1 0 0 100 0 0 362 2435 11 217 1 2.79 1.21 0.48 1 0 1024436 953108 71328 0 21564 472548 77600 90436 360092 1179712 0 0 0 0 0 0 2060 0 0 232508 0 765 16 0 0 0 0 17352 217 5 0 0 80 20 0 0 0 0 0 83 83 0 765 765 0 0 0
20161116 21:22:20.007 90 0 8 0 0 2 0 0 100 0 0 360 2356 10 217 4 2.81 1.24 0.50 4 0 1024436 954372 70064 0 21572 473824 77604 90508 360112 1179712 0 0 0 0 0 0 3060 0 0 232584 0 671 10 0 0 0 0 17352 217 5 0 0 80 12 0 0 0 0 0 81 81 0 671 671 0 0 0
20161116 21:22:25.002 90 0 8 0 0 2 0 0 100 0 0 357 2333 11 217 2 2.82 1.27 0.51 2 0 1024436 955596 68840 0 21580 474980 77604 90580 360112 1179712 0 0 0 0 0 0 4060 0 0 232660 0 654 9 0 0 0 0 17352 217 5 0 0 80 13 0 0 0 0 0 79 79 0 654 654 0 0 0
20161116 21:22:30.003 90 0 9 0 0 2 0 0 100 0 0 368 2524 10 217 4 2.84 1.30 0.53 4 0 1024436 956728 67708 0 21588 476312 77624 90660 360152 1179712 0 0 0 0 0 0 5040 0 0 232736 0 740 109 0 0 0 0 17372 217 5 0 0 80 16 0 0 0 0 0 92 92 0 740 740 0 0 0
20161116 21:22:35.001 86 0 11 0 0 3 0 0 100 0 0 652 3898 7 218 2 2.85 1.33 0.54 2 0 1024436 958932 65504 0 21596 477372 77624 90724 360984 1179712 0 0 0 0 0 0 360 0 0 232800 0 1696 50 0 0 0 0 17364 217 5 0 0 80 22 0 0 0 0 0 73 73 0 1696 1696 0 0 0
20161116 21:22:40.005 84 0 11 0 0 5 0 0 100 0 0 762 4480 10 217 6 2.94 1.37 0.56 5 0 1024436 961004 63432 0 21604 478320 77608 90772 362188 1179712 0 0 0 0 0 0 1168 0 0 232840 0 539 67 0 0 0 0 17356 217 5 0 0 80 24 0 0 0 0 0 65 65 0 539 539 0 0 0
20161116 21:22:45.001 86 0 9 0 0 4 0 0 100 0 0 751 4099 10 217 1 2.95 1.40 0.57 1 0 1024436 963336 61100 0 21612 479096 77604 90820 363700 1179712 0 0 0 0 0 0 1696 0 0 232888 0 449 81 0 0 0 0 17352 217 5 0 0 80 23 0 0 0 0 0 53 53 0 449 449 0 0 0
20161116 21:22:50.002 86 0 11 0 0 3 0 0 100 0 0 702 4165 10 217 5 3.03 1.44 0.59 4 0 1024436 950212 74224 0 21620 465704 77604 90868 363724 1179712 0 0 0 0 0 0 2140 0 0 227352 0 605 8 0 0 0 0 17352 217 5 0 0 80 18 0 0 0 0 0 66 66 0 605 605 0 0 0
20161116 21:22:55.002 89 0 8 0 0 3 0 0 100 0 0 688 4253 10 217 5 3.11 1.48 0.61 5 0 1024436 951224 73212 0 21628 466816 77616 90948 363952 1179712 0 0 0 0 0 0 3008 0 0 227432 0 582 19 0 0 0 0 17352 217 5 0 0 80 23 0 0 0 0 0 70 70 0 582 582 0 0 0
20161116 21:23:00.007 86 0 10 0 0 4 0 0 100 0 0 666 3754 12 217 7 3.10 1.51 0.62 7 0 1024436 952128 72308 0 21636 467656 77636 90996 363964 1177992 0 0 0 0 0 0 3752 0 0 225696 0 495 255 0 0 0 0 17372 217 5 0 0 80 31 0 0 0 0 0 61 61 0 495 495 0 0 0
20161116 21:23:05.002 87 0 10 0 0 3 0 0 100 0 0 756 4631 11 217 3 3.09 1.53 0.63 2 0 1024436 953224 71212 0 21644 468732 77624 91044 363976 1177992 0 0 0 0 0 0 204 0 0 225744 0 1456 6 0 0 0 0 17356 217 5 0 0 80 32 0 0 0 0 0 74 74 0 1456 1456 0 0 0
20161116 21:23:10.007 86 0 10 0 0 4 0 0 100 0 0 737 4364 11 217 6 2.93 1.52 0.63 6 0 1024436 954616 69820 0 21652 469696 77612 91116 364212 1177992 0 0 0 0 0 0 1056 0 0 225808 0 556 17 0 0 0 0 17352 217 5 0 0 80 36 0 0 0 0 0 67 67 0 556 556 0 0 0
20161116 21:23:15.002 87 0 10 0 0 3 0 0 100 0 0 712 4344 11 218 1 2.93 1.55 0.65 1 0 1024436 956668 67768 0 21660 470740 77620 91164 365120 1177992 0 0 0 0 0 0 1924 0 0 225860 0 591 50 0 0 0 0 17352 217 5 0 0 80 34 0 0 0 0 0 71 71 0 591 591 0 0 0
20161116 21:23:20.002 88 0 8 0 0 3 0 0 100 0 0 773 4640 11 217 4 2.94 1.57 0.66 2 0 1024436 958956 65480 0 21668 471768 77612 91228 366516 1177992 0 0 0 0 0 0 2704 0 0 225920 0 576 75 0 0 0 0 17352 217 5 0 0 80 27 0 0 0 0 0 68 68 0 576 576 0 0 0
20161116 21:23:25.002 81 0 9 0 0 3 6 0 100 0 0 739 4362 10 217 5 2.94 1.60 0.67 3 0 1024436 961120 63316 0 21676 472820 77624 91284 367576 1177992 0 0 0 0 0 0 3212 0 0 225988 0 634 58 0 0 0 0 17352 217 5 0 0 80 28 0 0 0 0 0 69 69 0 634 634 0 0 0
20161116 21:23:30.006 90 0 7 0 0 3 0 0 100 0 0 733 4569 11 217 7 2.95 1.62 0.69 6 0 1024436 963296 61140 0 21696 473940 77652 91388 368756 1177992 0 0 0 0 0 0 4172 0 0 226064 2 647 216 0 0 0 0 17372 217 5 0 0 80 21 0 0 0 0 1 81 81 2 647 649 0 0 0
20161116 21:23:35.002 90 0 8 0 0 2 0 0 100 0 0 517 3151 10 217 2 2.95 1.64 0.70 2 0 1024436 950688 73748 0 21704 461012 77652 91436 369204 1177992 0 0 0 0 0 0 204 0 0 222156 0 1564 30 0 0 0 0 17368 217 5 0 0 80 9 0 0 0 0 0 75 75 0 1564 1564 0 0 0
20161116 21:23:40.007 88 0 9 1 0 2 0 0 99 0 0 361 2402 11 217 5 3.03 1.68 0.72 5 0 1024436 952064 72372 0 21712 462280 77640 91524 369216 1177992 0 0 0 0 0 0 1208 0 0 222236 0 694 8 0 0 0 0 17356 217 5 0 0 80 10 0 0 0 0 0 85 85 0 694 694 0 1 1
20161116 21:23:45.001 90 0 9 0 0 2 0 0 100 0 0 354 2270 10 217 2 3.03 1.70 0.73 2 0 1024436 953084 71352 0 21720 463376 77632 91572 369224 1177992 0 0 0 0 0 0 2112 0 0 222284 0 630 4 0 0 0 0 17352 217 5 0 0 80 12 0 0 0 0 0 76 76 0 630 630 0 0 0
20161116 21:23:50.002 90 0 8 0 0 2 0 0 100 0 0 359 2352 10 217 4 3.03 1.73 0.74 4 0 1024436 954348 70088 0 21728 464544 77628 91644 369228 1177992 0 0 0 0 0 0 3064 0 0 222356 0 643 6 0 0 0 0 17352 217 5 0 0 80 12 0 0 0 0 0 78 78 0 643 643 0 0 0
20161116 21:23:55.002 90 0 7 0 0 3 0 0 100 0 0 354 2234 10 217 3 3.03 1.75 0.75 3 0 1024436 955468 68968 0 21736 465656 77636 91700 369228 1177992 0 0 0 0 0 0 3984 0 0 222412 0 622 5 0 0 0 0 17352 217 5 0 0 80 14 0 0 0 0 0 75 75 0 622 622 0 0 0
20161116 21:24:00.007 89 0 8 0 0 2 0 0 100 0 0 365 2421 11 217 4 3.10 1.78 0.77 4 0 1024436 956872 67564 0 21744 466912 77664 91780 369236 1177992 0 0 0 0 0 0 4952 0 0 222480 0 721 303 0 0 0 0 17372 217 5 0 0 80 19 0 0 0 0 0 86 86 0 721 721 0 0 0
20161116 21:24:05.001 89 0 8 0 0 2 0 0 100 0 0 366 2500 11 217 2 3.10 1.80 0.78 2 0 1024436 958240 66196 0 21752 468176 77660 91852 369236 1177992 0 0 0 0 0 0 5616 0 0 222540 0 793 6 0 0 0 0 17356 217 5 0 0 80 21 0 0 0 0 0 88 88 0 793 793 0 0 0
20161116 21:24:10.001 89 0 8 0 0 2 0 0 100 0 0 362 2406 11 217 3 3.09 1.82 0.79 3 0 1024436 959480 64956 0 21760 469428 77648 91932 369240 1177992 0 0 0 0 0 0 1168 0 0 222620 0 1770 6 0 0 0 0 17352 217 5 0 0 80 17 0 0 0 0 0 84 84 0 1770 1770 0 0 0
20161116 21:24:15.001 90 0 7 0 0 3 0 0 100 0 0 366 2544 11 217 3 3.08 1.84 0.81 3 0 1024436 960720 63716 0 21768 470696 77652 91980 369244 1177992 0 0 0 0 0 0 2236 0 0 222704 0 715 8 0 0 0 0 17352 217 5 0 0 80 20 0 0 0 0 0 86 86 0 715 715 0 0 0
20161116 21:24:20.003 88 0 9 0 0 3 0 0 100 0 0 357 2317 11 217 5 3.08 1.86 0.82 5 0 1024436 961836 62600 0 21776 471848 77648 92060 369248 1177992 0 0 0 0 0 0 3104 0 0 222748 0 652 4 0 0 0 0 17352 217 5 0 0 80 17 0 0 0 0 0 80 80 0 652 652 0 0 0
20161116 21:24:25.001 90 0 7 1 0 2 0 0 99 0 0 366 2505 10 217 3 3.07 1.88 0.83 3 0 1024436 963324 61112 0 21784 473200 77656 92148 369252 1177992 0 0 0 0 0 0 4216 0 0 222844 0 729 7 0 0 0 0 17352 217 5 0 0 80 15 0 0 0 0 0 88 88 0 729 729 0 0 0
20161116 21:24:30.007 89 0 9 0 0 2 0 0 100 0 0 358 2353 10 217 4 3.06 1.90 0.84 4 0 1024436 950476 73960 0 21792 460576 77680 92204 369256 1177992 0 0 0 0 0 0 5188 0 0 215396 0 651 104 0 0 0 0 17372 217 5 0 0 80 11 0 0 0 0 0 80 80 0 651 651 0 0 0
20161116 21:24:35.002 87 0 9 0 0 3 0 0 100 0 0 617 3797 11 218 4 3.06 1.92 0.85 4 0 1024436 953892 70544 0 22480 463060 77748 93496 369268 1177992 0 0 0 0 0 0 6292 0 0 216300 404 718 214 4 0 0 0 17396 217 5 0 0 80 17 0 0 0 0 49 94 143 404 718 1121 0 0 0
20161116 21:24:40.002 87 0 10 0 0 3 0 0 100 0 0 715 4328 10 218 7 3.05 1.94 0.86 5 0 1024436 953316 71120 0 22488 464096 77720 93560 368036 1177992 0 0 0 0 0 0 1192 0 0 216372 0 1751 5 0 0 0 0 17372 217 5 0 0 80 21 0 0 0 0 0 71 71 0 1751 1751 0 0 0
20161116 21:24:45.002 86 0 10 0 0 4 0 0 100 0 0 753 4593 10 218 4 3.05 1.95 0.87 3 0 1024436 954580 69856 0 22496 465164 77692 93616 368040 1177992 0 0 0 0 0 0 2068 0 0 216420 0 602 5 0 0 0 0 17360 217 5 0 0 80 31 0 0 0 0 0 72 72 0 602 602 0 0 0
20161116 21:24:50.007 87 0 9 0 0 4 0 0 100 0 0 704 4201 11 218 7 3.05 1.97 0.89 7 0 1024436 955616 68820 0 22512 466212 77692 93716 368052 1177992 0 0 0 0 0 0 3068 0 0 216532 0 554 8 0 0 0 0 17360 217 5 0 0 80 27 0 0 0 0 0 67 67 0 554 554 0 0 0
20161116 21:24:55.001 88 0 9 0 0 3 0 0 100 0 0 761 4755 10 218 5 3.04 1.99 0.90 4 0 1024436 957024 67412 0 22520 467392 77700 93864 368260 1177992 0 0 0 0 0 0 4176 0 0 216492 0 723 20 0 0 0 0 17360 217 5 0 0 80 24 0 0 0 0 0 91 91 0 723 723 0 5 5
20161116 21:25:00.001 90 0 7 0 0 3 0 0 100 0 0 700 4277 10 218 4 2.88 1.97 0.90 4 0 1024436 958660 65776 0 22528 468504 77720 93936 368712 1177992 0 0 0 0 0 0 5496 0 0 216304 0 617 383 0 0 0 0 17376 217 5 0 0 80 22 0 0 0 0 0 76 76 0 617 617 0 0 0
20161116 21:25:05.002 87 0 9 0 0 4 0 0 100 0 0 741 3903 11 218 4 2.81 1.97 0.90 3 0 1024436 951156 73280 0 22536 455996 77708 93976 373228 1177992 0 0 0 0 0 0 6556 0 0 213276 0 438 231 0 0 0 0 17360 217 5 0 0 80 38 0 0 0 0 0 53 53 0 438 438 0 0 0
20161116 21:25:10.007 84 0 10 0 0 5 0 0 100 0 0 776 4865 11 218 5 2.82 1.99 0.91 4 0 1024436 963828 60608 0 22544 426852 77720 94056 415312 1177992 0 0 0 0 0 0 2672 0 0 210432 0 1682 2111 0 0 0 0 17376 217 5 0 0 80 41 0 0 0 0 0 81 81 0 1682 1682 0 0 0
20161116 21:25:15.002 88 0 10 0 0 3 0 0 100 0 0 756 4585 11 218 2 2.84 2.01 0.93 1 0 1024436 953076 71360 0 22552 414792 77724 94104 416780 1177992 0 0 0 0 0 0 3728 0 0 207768 0 605 79 0 0 0 0 17376 217 5 0 0 80 26 0 0 0 0 0 69 69 0 605 605 0 0 0
20161116 21:25:20.003 86 0 9 0 0 4 0 0 100 0 0 772 4705 11 218 3 2.85 2.02 0.94 3 0 1024436 955624 68812 0 22560 415860 77728 94144 418060 1177992 0 0 0 0 0 0 4684 0 0 207408 0 657 69 0 0 0 0 17376 217 5 0 0 80 39 0 0 0 0 0 73 73 0 657 657 0 0 0
20161116 21:25:25.002 87 0 9 0 0 4 0 0 100 0 0 790 4545 11 221 7 2.86 2.04 0.95 7 0 1024436 958076 66360 0 22568 416868 77748 94224 419376 1177992 0 0 0 0 0 0 5648 0 0 207104 0 617 72 0 0 0 0 17392 217 5 0 0 80 46 0 0 0 0 0 72 72 0 617 617 0 0 0
20161116 21:25:30.003 87 0 10 0 0 4 0 0 100 0 0 781 4844 10 219 8 3.03 2.09 0.97 6 0 1024436 960756 63680 0 22576 417976 77800 94280 421024 1182052 0 0 0 0 0 0 6476 0 0 206744 0 731 188 0 0 0 0 17436 217 5 0 0 80 32 0 0 0 0 0 89 89 0 731 731 0 3 3
20161116 21:25:35.001 87 0 10 0 0 2 0 0 100 0 0 643 4086 6 218 4 3.03 2.10 0.98 4 0 1024436 951788 72648 0 22584 406452 77788 94376 423384 1182052 0 0 0 0 0 0 7672 0 0 203924 0 737 127 0 0 0 0 17420 217 5 0 0 80 9 0 0 0 0 0 89 89 0 737 737 0 0 0
20161116 21:25:40.001 88 0 9 0 0 2 0 0 100 0 0 379 2601 11 218 2 3.03 2.12 0.99 2 0 1024436 954184 70252 0 22596 407728 77776 94424 424692 1182052 0 0 0 0 0 0 4028 0 0 203572 1 1770 70 0 0 0 0 17408 217 5 0 0 80 10 0 0 0 0 0 93 94 1 1770 1771 0 0 0
20161116 21:25:45.002 88 0 10 0 0 2 0 0 100 0 0 372 2469 10 218 3 3.03 2.13 1.00 3 0 1024436 951896 72540 0 22660 405164 77820 94504 424844 1182052 0 0 0 0 0 0 2100 0 0 203084 0 4629 15 0 0 0 0 17412 217 5 0 0 80 12 0 0 0 0 0 104 104 0 4629 4629 0 0 0
20161116 21:25:50.003 88 0 9 0 0 2 0 0 100 0 0 363 2410 10 218 4 3.02 2.15 1.01 4 0 1024436 943724 80712 0 22668 397068 77800 94560 424856 1182052 0 0 0 0 0 0 3084 0 0 202772 0 685 6 0 0 0 0 17396 217 5 0 0 80 12 0 0 0 0 0 83 83 0 685 685 0 0 0
20161116 21:25:55.001 89 0 8 0 0 3 0 0 100 0 0 372 2590 11 218 3 3.02 2.16 1.02 3 0 1024436 944980 79456 0 22676 398268 77800 94648 424908 1182052 0 0 0 0 0 0 4160 0 0 202684 0 761 11 0 0 0 0 17392 217 5 0 0 80 13 0 0 0 0 0 91 91 0 761 761 0 0 0
20161116 21:26:00.001 90 0 7 0 0 3 0 0 100 0 0 367 2449 10 218 4 3.02 2.18 1.04 4 0 1024436 946256 78180 0 22684 399384 77820 94728 424924 1181076 0 0 0 0 0 0 5200 0 0 202604 0 723 415 0 0 0 0 17408 217 5 0 0 80 13 0 0 0 0 0 88 88 0 723 723 0 0 0
20161116 21:26:05.001 88 0 10 0 0 2 0 0 100 0 0 363 2445 11 218 1 3.02 2.19 1.05 1 0 1024436 947516 76920 0 22692 400464 77808 94776 424956 1181076 0 0 0 0 0 0 6148 0 0 202500 0 720 6 0 0 0 0 17400 217 5 0 0 80 15 0 0 0 0 0 88 88 0 720 720 0 1 1
20161116 21:26:10.007 88 0 10 0 0 2 0 0 100 0 0 359 2392 11 218 5 3.10 2.22 1.06 5 0 1024436 948528 75908 0 22700 401564 77804 94872 424960 1181076 0 0 0 0 0 0 1296 0 0 202436 0 1843 7 0 0 0 0 17396 217 5 0 0 80 21 0 0 0 0 0 83 83 0 1843 1843 0 0 0
20161116 21:26:15.001 88 0 8 0 0 4 0 0 100 0 0 367 2513 11 218 2 3.09 2.23 1.07 2 0 1024436 949792 74644 0 22708 402704 77800 94936 424964 1181076 0 0 0 0 0 0 2308 0 0 202340 0 746 7 0 0 0 0 17392 217 5 0 0 80 18 0 0 0 0 0 89 89 0 746 746 0 0 0
20161116 21:26:20.001 90 0 8 0 0 3 0 0 100 0 0 362 2397 11 220 7 3.08 2.25 1.08 7 0 1024436 950800 73636 0 22716 403776 77800 95008 425000 1181076 0 0 0 0 0 0 3048 0 0 202252 0 742 7 0 0 0 0 17392 217 5 0 0 80 18 0 0 0 0 0 83 83 0 742 742 0 0 0
20161116 21:26:25.002 89 0 8 0 0 3 0 0 100 0 0 358 2406 11 218 2 3.08 2.26 1.09 2 0 1024436 952064 72372 0 22724 404824 77796 95072 425072 1181076 0 0 0 0 0 0 3980 0 0 202180 0 667 10 0 0 0 0 17392 217 5 0 0 80 19 0 0 0 0 0 80 80 0 667 667 0 0 0
20161116 21:26:30.003 88 0 9 0 0 3 0 0 100 0 0 357 2289 11 218 3 3.07 2.27 1.10 3 0 1024436 935192 89244 0 22732 405836 77812 95144 407364 1181076 0 0 0 0 0 0 4876 0 0 202108 0 657 106 0 0 0 0 17408 217 5 0 0 80 17 0 0 0 0 0 79 79 0 657 657 0 0 0
20161116 21:26:35.001 88 0 8 0 0 4 0 0 100 0 0 634 3939 11 218 4 3.06 2.28 1.11 4 0 1024436 937076 87360 0 22740 406744 77824 95192 408224 1181076 0 0 0 0 0 0 5736 0 0 202020 0 595 49 0 0 0 0 17408 217 5 0 0 80 27 0 0 0 0 0 72 72 0 595 595 0 0 0
20161116 21:26:40.001 85 0 10 0 0 5 0 0 100 0 0 761 4661 10 218 5 3.14 2.31 1.13 4 0 1024436 939088 85348 0 22748 407744 77816 95272 409268 1181076 0 0 0 0 0 0 1144 0 0 201964 0 1708 58 0 0 0 0 17400 217 5 0 0 80 26 0 0 0 0 0 78 78 0 1708 1708 0 1 1
20161116 21:26:45.001 86 0 9 0 0 5 0 0 100 0 0 763 4790 10 218 5 2.97 2.29 1.13 3 0 1024436 941400 83036 0 22756 408708 77816 95320 410480 1181076 0 0 0 0 0 0 2060 0 0 201876 0 629 65 0 0 0 0 17400 217 5 0 0 80 32 0 0 0 0 0 76 76 0 629 629 0 0 0
20161116 21:26:50.003 86 0 10 0 0 4 0 0 100 0 0 681 4248 11 218 5 3.05 2.32 1.14 5 0 1024436 943120 81316 0 22764 409764 77812 95408 411292 1181076 0 0 0 0 0 0 2972 0 0 201808 0 655 48 0 0 0 0 17396 217 5 0 0 80 25 0 0 0 0 0 78 78 0 655 655 0 0 0
20161116 21:26:55.002 86 0 10 0 0 4 0 0 100 0 0 767 4641 10 218 2 3.05 2.33 1.15 2 0 1024436 945380 79056 0 22772 410684 77816 95464 412656 1181076 0 0 0 0 0 0 3580 0 0 201732 0 647 73 0 0 0 0 17396 217 5 0 0 80 37 0 0 0 0 0 73 73 0 647 647 0 0 0
20161116 21:27:00.003 87 0 9 0 0 4 0 0 100 0 0 726 4556 10 218 5 3.04 2.34 1.16 5 0 1024436 947528 76908 0 22780 411656 77832 95512 413748 1181076 0 0 0 0 0 0 4436 0 0 201644 0 645 524 0 0 0 0 17408 217 5 0 0 80 14 0 0 0 0 0 78 78 0 645 645 0 0 0
20161116 21:27:05.001 88 0 9 0 0 3 0 0 100 0 0 674 3973 10 218 2 3.04 2.35 1.17 2 0 1024436 949428 75008 0 22788 412492 77832 95592 414728 1181076 0 0 0 0 0 0 5164 0 0 201596 0 544 54 0 0 0 0 17404 217 5 0 0 80 18 0 0 0 0 0 64 64 0 544 544 0 0 0
20161116 21:27:10.002 88 0 9 0 0 3 0 0 100 0 0 742 4432 11 218 7 2.96 2.34 1.18 6 0 1024436 951424 73012 0 22796 413404 77824 95648 415864 1181076 0 0 0 0 0 0 1052 0 0 201524 0 1580 60 0 0 0 0 17400 217 5 0 0 80 24 0 0 0 0 0 73 73 0 1580 1580 0 0 0
20161116 21:27:15.002 88 0 8 0 0 3 0 0 100 0 0 753 4499 11 218 4 2.96 2.35 1.19 4 0 1024436 953432 71004 0 22804 414272 77820 95704 417008 1181076 0 0 0 0 0 0 1796 0 0 201444 0 558 62 0 0 0 0 17396 217 5 0 0 80 37 0 0 0 0 0 69 69 0 558 558 0 1 1
20161116 21:27:20.007 87 0 7 0 0 3 2 0 100 0 0 681 3991 11 218 6 2.96 2.37 1.20 6 0 1024436 954536 69900 0 22812 415048 77824 95736 417396 1181076 0 0 0 0 0 0 2544 0 0 201372 0 524 22 0 0 0 0 17396 217 5 0 0 80 46 0 0 0 0 0 63 63 0 524 524 0 0 0
20161116 21:27:25.001 84 0 10 1 0 4 0 0 99 0 0 776 4577 11 218 4 2.81 2.34 1.20 4 0 1024436 955420 69016 0 22820 416024 77828 95824 417400 1181076 0 0 0 0 0 0 3372 0 0 201332 0 567 7 0 0 0 0 17396 217 5 0 0 80 37 0 0 0 0 0 67 67 0 567 567 0 0 0
20161116 21:27:30.001 87 0 10 1 0 3 0 0 99 0 0 761 4582 11 218 4 2.66 2.32 1.19 4 0 1024436 956216 68220 0 22828 416892 77840 95872 417400 1181076 0 0 0 0 0 0 4016 0 0 201252 0 615 103 0 0 0 0 17408 217 5 0 0 80 31 0 0 0 0 0 71 71 0 615 615 0 0 0
20161116 21:27:35.002 86 0 9 1 0 5 0 0 99 0 0 793 4592 11 218 4 2.69 2.33 1.20 4 0 1024436 957256 67180 0 22836 417676 77848 95920 417404 1181076 0 0 0 0 0 0 4760 0 0 201180 0 530 5 0 0 0 0 17404 217 5 0 0 80 32 0 0 0 0 0 64 64 0 529 529 0 0 0
20161116 21:27:40.007 87 0 9 1 0 3 0 0 99 0 0 388 2525 10 218 4 2.71 2.34 1.21 4 0 1024436 958340 66096 0 22844 418804 77840 96008 417408 1181076 0 0 0 0 0 0 1148 0 0 201116 0 1571 7 0 0 0 0 17400 217 5 0 0 80 10 0 0 0 0 0 81 81 0 1573 1573 0 0 0
20161116 21:27:45.002 87 0 10 1 0 2 0 0 99 0 0 356 2403 10 218 1 2.74 2.35 1.22 1 0 1024436 959456 64980 0 22852 419844 77836 96080 417408 1181076 0 0 0 0 0 0 2116 0 0 201020 0 655 6 0 0 0 0 17396 217 5 0 0 80 12 0 0 0 0 0 79 79 0 655 655 0 0 0
20161116 21:27:50.007 89 0 8 1 0 2 0 0 99 0 0 358 2364 10 218 3 2.68 2.35 1.23 3 0 1024436 960448 63988 0 22860 420872 77832 96160 417412 1181076 0 0 0 0 0 0 3052 0 0 200948 0 664 6 0 0 0 0 17396 217 5 0 0 80 11 0 0 0 0 0 81 81 0 664 664 0 1 1
20161116 21:27:55.001 90 0 7 0 0 2 0 0 100 0 0 361 2329 11 218 3 2.70 2.36 1.24 3 0 1024436 961564 62872 0 22872 421912 77840 96208 417416 1181076 0 0 0 0 0 0 3992 0 0 200852 0 666 6 0 0 0 0 17396 217 5 0 0 80 13 0 0 0 0 0 81 81 0 666 666 0 0 0
20161116 21:28:00.002 87 0 10 0 0 3 0 0 100 0 0 352 2207 10 218 4 2.73 2.37 1.25 4 0 1024436 938844 85592 0 22860 399248 77852 96272 417420 1181076 0 0 0 0 0 0 4832 0 0 199368 0 624 486 0 0 0 0 17408 217 5 0 0 80 11 0 0 0 0 0 75 75 0 624 624 0 0 0
20161116 21:28:05.002 90 0 8 0 0 2 0 0 100 0 0 356 2322 10 218 2 2.75 2.38 1.26 2 0 1024436 939852 84584 0 22868 400256 77864 96336 417428 1181076 0 0 0 0 0 0 5540 0 0 199288 0 689 5 0 0 0 0 17408 217 5 0 0 80 11 0 0 0 0 0 78 78 0 689 689 0 0 0
20161116 21:28:10.006 89 0 8 1 0 2 0 0 99 0 0 356 2383 10 218 6 2.77 2.39 1.27 5 0 1024436 940988 83448 0 22876 401380 77856 96408 417432 1181076 0 0 0 0 0 0 6480 0 0 199208 0 680 8 0 0 0 0 17404 217 5 0 0 80 11 0 0 0 0 0 81 81 0 680 680 0 0 0
20161116 21:28:15.001 88 0 8 2 0 2 0 0 98 0 0 358 2390 11 218 1 2.79 2.40 1.27 1 0 1024436 941992 82444 0 22884 402412 77856 96488 417432 1181076 0 0 0 0 0 0 1116 0 0 199128 0 1949 5 0 0 0 0 17400 217 5 0 0 80 18 0 0 0 0 0 84 84 0 1949 1949 0 0 0
20161116 21:28:20.001 89 0 7 1 0 2 0 0 99 0 0 361 2496 11 218 4 2.80 2.41 1.28 4 0 1024436 943116 81320 0 22892 403552 77860 96576 417432 1181076 0 0 0 0 0 0 2168 0 0 199056 0 688 6 0 0 0 0 17400 217 5 0 0 80 18 0 0 0 0 0 83 83 0 688 688 0 0 0
20161116 21:28:25.001 89 0 7 2 0 2 0 0 98 0 0 356 2420 11 218 3 2.82 2.42 1.29 3 0 1024436 944448 79988 0 22900 404604 77860 96624 417440 1181076 0 0 0 0 0 0 3108 0 0 198964 0 682 6 0 0 0 0 17400 217 5 0 0 80 17 0 0 0 0 0 83 83 0 682 682 0 1 1
20161116 21:28:30.003 88 0 10 1 0 2 0 0 99 0 0 360 2404 11 218 3 2.91 2.45 1.31 3 1 1024436 945352 79084 0 22908 405700 77876 96704 417440 1181076 0 0 0 0 0 0 4164 0 0 198892 0 664 105 0 0 0 0 17412 217 5 0 0 80 16 0 0 0 0 0 81 81 0 664 664 0 0 0
20161116 21:28:35.001 85 0 10 1 0 3 0 0 99 0 0 609 3696 12 218 3 2.92 2.46 1.32 3 0 1024436 946320 78116 0 22916 406588 77884 96752 417448 1181076 0 0 0 0 0 0 4944 0 0 198664 0 585 60 0 0 0 0 17412 217 5 0 0 80 41 0 0 0 0 0 70 70 0 585 585 0 0 0
20161116 21:28:40.007 89 0 8 0 0 3 0 0 100 0 0 644 3942 10 218 5 2.93 2.46 1.33 5 0 1024436 947216 77220 0 22924 407496 77876 96816 417516 1181076 0 0 0 0 0 0 5556 0 0 198592 0 638 9 0 0 0 0 17404 217 5 0 0 80 23 0 0 0 0 0 72 72 0 638 638 0 0 0
20161116 21:28:45.001 87 0 9 0 0 4 0 0 100 0 0 738 4253 8 218 5 3.17 2.52 1.35 4 0 1024436 949684 74752 0 22932 408312 77868 96856 418900 1181076 0 0 0 0 0 0 928 0 0 198512 0 1611 73 0 0 0 0 17400 217 5 0 0 80 36 0 0 0 0 0 66 66 0 1611 1611 0 0 0
20161116 21:28:50.001 89 0 6 0 0 4 0 0 100 0 0 726 4282 9 218 4 3.24 2.55 1.37 4 0 1024436 951540 72896 0 22940 409252 77868 96944 419860 1181076 0 0 0 0 0 0 1712 0 0 198472 0 583 53 0 0 0 0 17400 217 5 0 0 80 15 0 0 0 0 0 69 69 0 583 583 0 0 0
20161116 21:28:55.001 85 0 12 0 0 3 0 0 100 0 0 692 4236 10 218 4 3.22 2.56 1.37 4 0 1024436 953536 70900 0 22948 410164 77876 97000 420876 1181076 0 0 0 0 0 0 2540 0 0 198392 0 610 56 0 0 0 0 17400 217 5 0 0 80 33 0 0 0 0 0 73 73 0 610 610 0 0 0
20161116 21:29:00.007 89 0 7 0 0 4 0 0 100 0 0 693 4015 11 218 8 3.20 2.56 1.38 7 0 1024436 955360 69076 0 22956 410992 77896 97044 422008 1181076 0 0 0 0 0 0 3232 0 0 198312 0 538 542 0 0 0 0 17412 217 5 0 0 80 36 0 0 0 0 0 66 66 0 538 538 0 1 1
20161116 21:29:05.001 86 0 10 0 0 4 0 0 100 0 0 704 4006 10 218 4 3.19 2.57 1.39 4 0 1024436 956972 67464 0 22964 411828 77888 97084 422828 1181076 0 0 0 0 0 0 4024 0 0 198244 0 522 46 0 0 0 0 17408 217 5 0 0 80 23 0 0 0 0 0 64 64 0 522 522 0 0 0
20161116 21:29:10.001 88 0 8 0 0 4 0 0 100 0 0 741 4390 11 218 3 3.17 2.58 1.40 3 0 1024436 959300 65136 0 22972 412684 77884 97172 424200 1181076 0 0 0 0 0 0 4780 0 0 198200 0 544 73 0 0 0 0 17404 217 5 0 0 80 24 0 0 0 0 0 64 64 0 544 544 0 0 0
20161116 21:29:15.001 87 0 9 0 0 4 0 0 100 0 0 757 4418 10 218 1 3.40 2.63 1.43 1 0 1024436 960168 64268 0 22980 413500 77884 97212 424212 1181076 0 0 0 0 0 0 864 0 0 198120 0 1476 5 0 0 0 0 17400 217 5 0 0 80 31 0 0 0 0 0 67 67 0 1476 1476 0 0 0
20161116 21:29:20.003 85 0 10 0 0 4 0 0 100 0 0 760 4348 11 218 4 3.21 2.61 1.42 4 0 1024436 960816 63620 0 22988 414284 77888 97260 424212 1181076 0 0 0 0 0 0 1560 0 0 198056 0 516 4 0 0 0 0 17400 217 5 0 0 80 36 0 0 0 0 0 62 62 0 516 516 0 0 0
20161116 21:29:25.001 87 0 9 0 0 4 0 0 100 0 0 741 4313 11 218 3 3.27 2.63 1.44 3 0 1024436 961780 62656 0 22996 415128 77888 97308 424216 1181076 0 0 0 0 0 0 2304 0 0 198004 0 546 4 0 0 0 0 17400 217 5 0 0 80 33 0 0 0 0 0 65 65 0 546 546 0 0 0
20161116 21:29:30.007 89 0 8 0 0 3 0 0 100 0 0 760 4198 11 218 7 3.33 2.65 1.45 6 0 1024436 962772 61664 0 23004 415828 77904 97348 424508 1181076 0 0 0 0 0 0 3016 0 0 197928 0 491 118 0 0 0 0 17412 217 5 0 0 80 44 0 0 0 0 0 60 60 0 491 491 0 0 0
20161116 21:29:35.001 88 0 9 0 0 3 0 0 100 0 0 788 4390 11 217 2 3.30 2.66 1.46 2 0 1024436 952124 72312 0 23008 404284 77780 97396 425720 1181076 0 0 0 0 0 0 3604 0 0 198792 0 497 65 0 0 0 0 17332 217 5 0 0 80 45 0 0 0 0 0 62 62 0 497 497 0 1 1
20161116 21:29:40.001 84 0 12 0 0 3 0 0 100 0 0 780 4561 11 217 5 3.36 2.68 1.47 4 0 1024436 952640 71796 0 22204 370812 77244 97468 460856 1181076 0 0 0 0 0 0 4472 0 0 184656 0 544 1762 0 0 0 0 17084 217 5 0 0 80 29 0 0 0 0 0 66 66 0 544 544 0 0 0
20161116 21:29:45.002 86 0 12 0 0 2 0 0 100 0 0 369 2372 11 217 3 3.33 2.69 1.48 3 0 1024436 954484 69952 0 8000 343028 75500 93408 505992 1181076 0 0 0 0 0 0 1068 0 0 163372 0 1464 2261 0 0 0 0 16540 217 5 0 0 80 12 0 0 0 0 0 75 75 0 1464 1464 0 0 0
20161116 21:29:50.007 91 0 7 0 0 2 0 0 100 0 0 360 2358 10 217 4 3.30 2.69 1.49 4 0 1024436 955616 68820 0 8016 344200 75468 93464 506036 1181076 0 0 0 0 0 0 2060 0 0 163316 0 710 9 0 0 0 0 16536 217 5 0 0 80 11 0 0 0 0 0 82 82 0 710 710 0 0 0
20161116 21:29:55.002 91 0 7 0 0 2 0 0 100 0 0 366 2343 10 217 4 3.28 2.70 1.50 4 0 1024436 958000 66436 0 8024 345324 75452 93544 507284 1181076 0 0 0 0 0 0 3336 0 0 162996 0 650 70 0 0 0 0 16532 217 5 0 0 80 11 0 0 0 0 0 78 78 0 650 650 0 0 0
20161116 21:30:00.007 88 0 10 0 0 2 0 0 100 0 0 371 2445 10 217 4 3.26 2.70 1.51 4 0 1024436 942156 82280 0 7912 326428 74688 79524 511304 1182104 0 0 0 0 0 0 4628 0 0 153436 0 734 693 0 0 0 0 16264 217 5 0 0 80 11 0 0 0 0 0 86 86 0 734 734 0 0 0
20161116 21:30:05.002 89 0 8 0 0 3 0 0 100 0 0 358 2251 11 217 4 3.24 2.71 1.51 4 0 1024436 943044 81392 0 7920 327356 74640 79580 511316 1182104 0 0 0 0 0 0 5848 0 0 152964 0 570 6 0 0 0 0 16260 217 5 0 0 80 9 0 0 0 0 0 69 69 0 570 570 0 0 0
20161116 21:30:10.002 89 0 9 0 0 2 0 0 100 0 0 370 2415 10 217 5 3.30 2.73 1.53 4 0 1024436 944292 80144 0 7928 328400 74640 79636 511512 1182104 0 0 0 0 0 0 7196 0 0 152468 0 701 17 0 0 0 0 16260 217 5 0 0 80 10 0 0 0 0 0 85 85 0 701 701 0 1 1
20161116 21:30:15.001 89 0 9 0 0 2 0 0 100 0 0 372 2459 10 217 1 3.35 2.75 1.54 1 0 1024436 945416 79020 0 7936 329500 74628 79716 511552 1182104 0 0 0 0 0 0 3308 0 0 151988 0 1745 9 0 0 0 0 16248 217 5 0 0 80 10 0 0 0 0 0 85 85 0 1745 1745 0 0 0
20161116 21:30:20.007 90 0 8 0 0 2 0 0 100 0 0 366 2405 10 217 5 3.32 2.75 1.55 5 0 1024436 946544 77892 0 7944 330572 74632 79772 511664 1182104 0 0 0 0 0 0 4300 0 0 151504 0 744 15 0 0 0 0 16248 217 5 0 0 80 12 0 0 0 0 0 80 80 0 744 744 0 0 0
20161116 21:30:25.001 89 0 8 0 0 2 0 0 100 0 0 360 2213 11 217 3 3.30 2.76 1.56 3 0 1024436 947548 76888 0 7952 331492 74636 79836 511676 1182104 0 0 0 0 0 0 3824 0 0 151048 0 948 4 0 0 0 0 16248 217 5 0 0 80 18 0 0 0 0 0 75 75 0 948 948 0 0 0
20161116 21:30:30.001 89 0 10 0 0 2 0 0 100 0 0 362 2227 11 217 4 3.27 2.76 1.56 4 0 1024436 948336 76100 0 7960 332416 74644 79892 511688 1182104 0 0 0 0 0 0 4700 0 0 150404 0 697 106 0 0 0 0 16256 217 5 0 0 80 16 0 0 0 0 0 76 76 0 697 697 0 0 0
20161116 21:30:35.002 88 0 9 0 0 2 0 0 100 0 0 520 3261 10 218 8 3.25 2.76 1.57 6 0 1024436 949572 74864 0 7968 333428 74656 79964 511736 1182104 0 0 0 0 0 0 5548 0 0 149932 0 753 11 0 0 0 0 16256 217 5 0 0 80 46 0 0 0 0 0 78 78 0 753 753 0 0 0
20161116 21:30:40.003 85 0 10 0 0 4 0 0 100 0 0 726 4510 11 217 4 3.23 2.77 1.58 4 0 1024436 951744 72692 0 8008 334364 74652 80020 512900 1182104 0 0 0 0 0 0 5228 0 0 149764 0 855 63 0 0 0 0 16256 217 5 0 0 80 52 0 0 0 0 0 79 79 0 855 855 0 0 0
20161116 21:30:45.001 86 0 9 0 0 4 0 0 100 0 0 737 4608 11 217 2 3.13 2.76 1.58 2 0 1024436 953608 70828 0 8016 335336 74644 80076 513832 1182104 0 0 0 0 0 0 884 0 0 149676 0 1670 52 0 0 0 0 16248 217 5 0 0 80 33 0 0 0 0 0 80 80 0 1670 1670 0 1 1
20161116 21:30:50.001 87 0 10 0 0 3 0 0 100 0 0 736 4075 11 217 6 3.12 2.76 1.59 6 0 1024436 956084 68352 0 8024 335992 74640 80124 515708 1182104 0 0 0 0 0 0 1564 0 0 149620 0 448 97 0 0 0 0 16248 217 5 0 0 80 33 0 0 0 0 0 54 54 0 448 448 0 0 0
20161116 21:30:55.001 87 0 9 0 0 4 0 0 100 0 0 737 4435 10 217 3 2.95 2.73 1.59 3 0 1024436 957820 66616 0 8032 336968 74644 80196 516476 1182104 0 0 0 0 0 0 2364 0 0 149576 0 589 44 0 0 0 0 16244 217 5 0 0 80 16 0 0 0 0 0 70 70 0 589 589 0 0 0
20161116 21:31:00.006 86 0 10 0 0 3 0 0 100 0 0 747 4395 10 217 6 2.96 2.73 1.59 5 0 1024436 940456 83980 0 7972 319212 74016 76368 517684 1182104 0 0 0 0 0 0 3104 0 0 148276 0 590 552 0 0 0 0 16108 217 5 0 0 80 44 0 0 0 0 0 70 70 0 590 590 0 0 0
20161116 21:31:05.002 86 0 9 0 0 5 0 0 100 0 0 735 3990 10 217 3 2.96 2.74 1.60 2 0 1024436 942720 81716 0 7980 319940 73988 76416 519040 1182104 0 0 0 0 0 0 3756 0 0 148228 0 467 73 0 0 0 0 16104 217 5 0 0 80 63 0 0 0 0 0 56 56 0 467 467 0 0 0
20161116 21:31:10.007 86 0 9 0 0 5 0 0 100 0 0 751 4624 11 217 4 3.04 2.76 1.61 4 0 1024436 944364 80072 0 7988 320884 73972 76488 519884 1182104 0 0 0 0 0 0 4576 0 0 148164 0 602 49 0 0 0 0 16096 217 5 0 0 80 34 0 0 0 0 0 72 72 0 602 602 0 0 0
20161116 21:31:15.001 86 0 10 0 0 4 0 0 100 0 0 757 4516 10 217 2 3.04 2.76 1.62 1 0 1024436 946464 77972 0 7996 321760 73964 76536 521100 1182104 0 0 0 0 0 0 944 0 0 148084 0 1464 65 0 0 0 0 16088 217 5 0 0 80 48 0 0 0 0 0 71 71 0 1464 1464 0 0 0
20161116 21:31:20.002 88 0 9 0 0 4 0 0 100 0 0 727 4361 10 217 4 3.04 2.77 1.63 4 0 1024436 948384 76052 0 8004 322632 73960 76584 522092 1182104 0 0 0 0 0 0 1688 0 0 148004 0 577 54 0 0 0 0 16080 217 5 0 0 80 48 0 0 0 0 0 71 71 0 577 577 0 1 1
20161116 21:31:25.002 88 0 8 0 0 4 0 0 100 0 0 701 3981 11 217 6 3.11 2.79 1.64 6 0 1024436 950404 74032 0 8012 323408 73956 76632 523340 1182104 0 0 0 0 0 0 2440 0 0 147948 0 482 66 0 0 0 0 16080 217 5 0 0 80 16 0 0 0 0 0 58 58 0 482 482 0 0 0
20161116 21:31:30.003 88 0 8 0 0 4 0 0 100 0 0 743 4366 11 217 5 3.26 2.83 1.66 5 1 1024436 952272 72164 0 8020 324296 73976 76672 524300 1182104 0 0 0 0 0 0 3216 0 0 147876 0 572 153 0 0 0 0 16088 217 5 0 0 80 38 0 0 0 0 0 69 69 0 572 572 0 0 0
20161116 21:31:35.002 85 0 11 0 0 4 0 0 100 0 0 747 4317 10 217 4 3.32 2.84 1.67 4 0 1024436 954504 69932 0 8028 325112 73976 76744 525688 1182104 0 0 0 0 0 0 3804 0 0 147828 0 563 73 0 0 0 0 16088 217 5 0 0 80 48 0 0 0 0 0 63 63 0 563 563 0 0 0
20161116 21:31:40.003 86 0 10 0 0 4 0 0 100 0 0 793 4434 8 217 5 3.38 2.86 1.68 5 0 1024436 956924 67512 0 8036 325880 73968 76792 527324 1182104 0 0 0 0 0 0 4484 0 0 147764 0 503 87 0 0 0 0 16084 217 5 0 0 80 54 0 0 0 0 0 60 60 0 503 503 0 0 0
20161116 21:31:45.001 86 0 9 0 0 5 0 0 100 0 0 804 4773 11 217 2 3.19 2.83 1.68 2 0 1024436 958940 65496 0 8044 326748 73968 76848 528332 1182104 0 0 0 0 0 0 900 0 0 147692 0 1441 55 0 0 0 0 16080 217 5 0 0 80 55 0 0 0 0 0 70 70 0 1441 1441 0 0 0
20161116 21:31:50.002 88 0 8 0 0 4 0 0 100 0 0 745 4484 10 217 4 3.17 2.84 1.69 4 0 1024436 961824 62612 0 8052 327620 73972 76896 530312 1182104 0 0 0 0 0 0 1724 0 0 147616 0 565 103 0 0 0 0 16080 217 5 0 0 80 14 0 0 0 0 0 68 68 0 565 565 0 0 0
20161116 21:31:55.002 90 0 8 0 0 2 0 0 100 0 0 359 2345 11 217 2 3.24 2.86 1.70 2 0 1024436 962816 61620 0 8060 328680 73972 76976 530340 1182104 0 0 0 0 0 0 2604 0 0 147548 0 670 7 0 0 0 0 16080 217 5 0 0 80 11 0 0 0 0 0 81 81 0 670 670 0 0 0
20161116 21:32:00.003 89 0 9 0 0 2 0 0 100 0 0 359 2305 10 217 3 3.22 2.86 1.71 2 1 1024436 944972 79464 0 8024 311392 73520 76928 530340 1186160 0 0 0 0 0 0 3608 0 0 146540 0 664 105 0 0 0 0 16088 217 5 0 0 80 9 0 0 0 0 0 81 81 0 661 661 0 0 0
20161116 21:32:05.002 88 0 9 0 0 3 0 0 100 0 0 348 2144 10 217 2 3.36 2.89 1.72 2 0 1024436 945980 78456 0 8032 312316 73520 76992 530344 1186160 0 0 0 0 0 0 4396 0 0 146476 0 589 6 0 0 0 0 16088 217 5 0 0 80 9 0 0 0 0 0 70 70 0 592 592 0 0 0
20161116 21:32:10.003 89 0 9 0 0 2 0 0 100 0 0 360 2344 10 217 2 3.33 2.90 1.73 2 0 1024436 946984 77452 0 8040 313372 73512 77072 530344 1186160 0 0 0 0 0 0 5164 0 0 146396 0 713 5 0 0 0 0 16084 217 5 0 0 80 10 0 0 0 0 0 81 81 0 713 713 0 0 0
20161116 21:32:15.002 91 0 8 0 0 2 0 0 100 0 0 360 2350 11 217 3 3.31 2.90 1.74 3 0 1024436 948108 76328 0 8048 314400 73508 77128 530352 1186160 0 0 0 0 0 0 988 0 0 146308 0 1698 6 0 0 0 0 16080 217 5 0 0 80 9 0 0 0 0 0 83 83 0 1698 1698 0 0 0
20161116 21:32:20.007 89 0 8 0 0 3 0 0 100 0 0 356 2309 10 217 5 3.44 2.93 1.76 5 0 1024436 949112 75324 0 8056 315436 73512 77192 530356 1186160 0 0 0 0 0 0 1884 0 0 146228 0 672 4 0 0 0 0 16080 217 5 0 0 80 9 0 0 0 0 0 80 80 0 672 672 0 0 0
20161116 21:32:25.001 90 0 8 0 0 2 0 0 100 0 0 363 2397 11 217 3 3.41 2.93 1.76 3 0 1024436 950244 74192 0 8064 316540 73512 77264 530360 1186160 0 0 0 0 0 0 2920 0 0 146156 0 691 7 0 0 0 0 16080 217 5 0 0 80 10 0 0 0 0 0 84 84 0 691 691 0 0 0
20161116 21:32:30.001 90 0 7 0 0 2 0 0 100 0 0 363 2406 11 217 3 3.37 2.93 1.77 3 0 1024436 951252 73184 0 8072 317624 73524 77336 530360 1186160 0 0 0 0 0 0 3856 0 0 141744 0 702 103 0 0 0 0 16088 217 5 0 0 80 15 0 0 0 0 0 87 87 0 702 702 0 1 1
20161116 21:32:35.001 90 0 8 0 0 2 0 0 100 0 0 488 3029 11 217 1 3.42 2.95 1.78 1 0 1024436 952088 72348 0 8080 318520 73528 77400 530364 1186160 0 0 0 0 0 0 4704 0 0 141664 0 595 6 0 0 0 0 16088 217 5 0 0 80 26 0 0 0 0 0 72 72 0 595 595 0 0 0
20161116 21:32:40.003 85 0 10 0 0 5 0 0 100 0 0 732 4528 11 218 4 3.39 2.95 1.79 4 0 1024436 954040 70396 0 8088 319548 73520 77472 531204 1186160 0 0 0 0 0 0 5588 0 0 141600 0 630 49 0 0 0 0 16084 217 5 0 0 80 27 0 0 0 0 0 74 74 0 630 630 0 0 0
20161116 21:32:45.001 85 0 10 0 0 5 0 0 100 0 0 762 4694 11 217 5 3.36 2.95 1.79 4 0 1024436 956388 68048 0 8096 320468 73520 77520 532564 1186160 0 0 0 0 0 0 892 0 0 141512 0 1718 73 0 0 0 0 16080 217 5 0 0 80 48 0 0 0 0 0 75 75 0 1718 1718 0 0 0
20161116 21:32:50.002 87 0 8 0 0 5 0 0 100 0 0 729 4392 11 217 5 3.33 2.95 1.80 5 0 1024436 958320 66116 0 8104 321332 73520 77568 533704 1186160 0 0 0 0 0 0 1660 0 0 141440 0 562 61 0 0 0 0 16080 217 5 0 0 80 42 0 0 0 0 0 67 67 0 562 562 0 0 0
20161116 21:32:55.002 88 0 9 0 0 3 0 0 100 0 0 730 4350 10 217 1 3.14 2.92 1.80 1 0 1024436 960428 64008 0 8112 322208 73524 77648 534724 1186160 0 0 0 0 0 0 2488 0 0 141392 0 564 56 0 0 0 0 16080 217 5 0 0 80 23 0 0 0 0 0 68 68 0 564 564 0 0 0
20161116 21:33:00.007 85 0 10 0 0 5 0 0 100 0 0 733 3851 11 217 3 3.13 2.92 1.80 3 0 1024436 944008 80428 0 8116 305356 72312 74492 536404 1183320 0 0 0 0 0 0 3036 0 0 141672 0 451 579 0 0 0 0 15916 217 5 0 0 80 49 0 0 0 0 0 54 54 0 451 451 0 0 0
20161116 21:33:05.001 88 0 9 0 0 3 0 0 100 0 0 728 4154 10 217 4 3.12 2.93 1.81 3 0 1024436 945436 79000 0 8124 306248 72264 74532 537160 1183320 0 0 0 0 0 0 3704 0 0 141716 0 516 41 0 0 0 0 15904 217 5 0 0 80 22 0 0 0 0 0 63 63 0 516 516 0 1 1
20161116 21:33:10.001 86 0 10 0 0 4 0 0 100 0 0 726 4231 10 217 3 3.35 2.98 1.83 3 0 1024436 947536 76900 0 8132 307184 72248 74580 538200 1183320 0 0 0 0 0 0 4496 0 0 141752 0 525 56 0 0 0 0 15900 217 5 0 0 80 34 0 0 0 0 0 64 64 0 525 525 0 0 0
20161116 21:33:15.002 86 0 11 0 0 3 0 0 100 0 0 735 4414 11 217 1 3.32 2.98 1.84 1 0 1024436 949552 74884 0 8140 308200 72248 74660 539300 1183320 0 0 0 0 0 0 904 0 0 141832 0 1431 61 0 0 0 0 15900 217 5 0 0 80 39 0 0 0 0 0 69 69 0 1431 1431 0 0 0
20161116 21:33:20.003 86 0 9 0 0 4 0 0 100 0 0 751 4383 10 217 3 3.30 2.98 1.84 3 0 1024436 951748 72688 0 8148 309188 72244 74708 540452 1183320 0 0 0 0 0 0 1540 0 0 141880 0 590 61 0 0 0 0 15896 217 5 0 0 80 52 0 0 0 0 0 67 67 0 590 590 0 0 0
20161116 21:33:25.001 88 0 8 0 0 4 0 0 100 0 0 758 4641 11 217 4 3.27 2.98 1.85 4 0 1024436 954028 70408 0 8156 310228 72252 74740 541584 1183320 0 0 0 0 0 0 2384 0 0 141928 0 608 60 0 0 0 0 15896 217 5 0 0 80 46 0 0 0 0 0 73 73 0 608 608 0 0 0
20161116 21:33:30.001 88 0 8 0 0 4 0 0 100 0 0 756 4481 10 217 5 3.09 2.95 1.85 5 0 1024436 955868 68568 0 8164 311284 72260 74804 542580 1183320 0 0 0 0 0 0 3276 0 0 141976 0 588 153 0 0 0 0 15904 217 5 0 0 80 33 0 0 0 0 0 72 72 0 588 588 0 0 0
20161116 21:33:35.002 90 0 7 0 0 3 0 0 100 0 0 703 3752 11 217 4 3.16 2.96 1.86 4 0 1024436 958104 66332 0 8180 312076 72268 74852 543684 1183320 0 0 0 0 0 0 3876 0 0 141968 0 468 115 0 0 0 0 15904 217 5 0 0 80 51 0 0 0 0 0 57 57 0 468 468 0 0 0
20161116 21:33:40.003 88 0 8 0 0 4 0 0 100 0 0 771 4598 11 217 3 3.15 2.96 1.86 3 0 1024436 959064 65372 0 8188 313176 72264 74932 543684 1183320 0 0 0 0 0 0 4716 0 0 142040 0 591 6 0 0 0 0 15896 217 5 0 0 80 51 0 0 0 0 0 73 73 0 591 591 0 0 0
20161116 21:33:45.002 87 0 9 0 0 4 0 0 100 0 0 758 3703 11 217 3 3.22 2.98 1.88 3 0 1024436 959744 64692 0 8196 313812 72256 74964 543684 1183320 0 0 0 0 0 0 704 0 0 142072 0 1262 2 0 0 0 0 15896 217 5 0 0 80 30 0 0 0 0 0 45 45 0 1262 1262 0 0 0
20161116 21:33:50.007 87 0 8 0 0 5 0 0 100 0 0 772 3629 11 217 7 3.28 3.00 1.89 7 1 1024436 960336 64100 0 8204 314316 72260 74988 543700 1183320 0 0 0 0 0 0 1116 0 0 142096 0 336 3 0 0 0 0 15896 217 5 0 0 80 51 0 0 0 0 0 40 40 0 336 336 0 0 0
20161116 21:33:55.002 88 0 8 0 0 3 0 0 100 0 0 785 4245 11 217 3 3.26 3.00 1.89 3 0 1024436 961076 63360 0 8212 315156 72264 75028 543708 1183320 0 0 0 0 0 0 1584 0 0 142136 0 499 4 0 0 0 0 15896 217 5 0 0 80 48 0 0 0 0 0 56 56 0 499 499 0 0 0
20161116 21:34:00.003 89 0 7 0 0 3 0 0 100 0 0 792 4606 10 217 6 3.24 3.00 1.90 5 0 1024436 962072 62364 0 8220 316180 72276 75092 543712 1183320 0 0 0 0 0 0 2392 0 0 142204 0 583 106 0 0 0 0 15904 217 5 0 0 80 12 0 0 0 0 0 71 71 0 583 583 0 0 0
20161116 21:34:05.001 87 0 9 0 0 4 0 0 100 0 0 802 4740 10 217 4 3.22 3.00 1.90 3 0 1024436 963216 61220 0 8228 317196 72276 75148 543716 1183320 0 0 0 0 0 0 3232 0 0 142256 0 575 5 0 0 0 0 15904 217 5 0 0 80 43 0 0 0 0 0 69 69 0 575 575 0 0 0
20161116 21:34:10.001 88 0 9 0 0 3 0 0 100 0 0 696 4225 11 217 4 3.20 3.00 1.91 4 0 1024436 942972 81464 0 8228 300564 68376 75028 543768 1183320 0 0 0 0 0 0 4016 0 0 140912 0 588 7 0 0 0 0 15780 217 5 0 0 80 10 0 0 0 0 0 70 70 0 588 588 0 0 0
20161116 21:34:15.002 88 0 9 0 0 2 0 0 100 0 0 359 2309 10 217 1 3.35 3.03 1.93 1 0 1024436 943944 80492 0 8236 301732 68320 75100 543776 1183320 0 0 0 0 0 0 964 0 0 140964 0 1457 7 0 0 0 0 15764 217 5 0 0 80 12 0 0 0 0 0 84 84 0 1457 1457 0 1 1
20161116 21:34:20.003 90 0 7 0 0 3 0 0 100 0 0 358 2303 10 217 3 3.32 3.03 1.93 3 0 1024436 945096 79340 0 8244 302968 68308 75164 543776 1183320 0 0 0 0 0 0 1936 0 0 141028 0 656 6 0 0 0 0 15764 217 5 0 0 80 10 0 0 0 0 0 79 79 0 656 656 0 0 0
20161116 21:34:25.001 91 0 8 0 0 2 0 0 100 0 0 359 2297 10 218 3 3.29 3.03 1.94 3 0 1024436 946408 78028 0 8252 304144 68300 75244 543776 1183320 0 0 0 0 0 0 2884 0 0 141116 0 666 5 0 0 0 0 15760 217 5 0 0 80 12 0 0 0 0 0 79 79 0 666 666 0 0 0
20161116 21:34:30.002 89 0 8 1 0 3 0 0 99 0 0 344 2080 7 217 4 3.27 3.03 1.94 4 0 1024436 947132 77304 0 8260 305140 68312 75300 543776 1183320 0 0 0 0 0 0 3500 0 0 141168 0 612 104 0 0 0 0 15768 217 5 0 0 80 9 0 0 0 0 0 70 70 0 612 612 0 0 0
20161116 21:34:35.001 90 0 8 0 0 2 0 0 100 0 0 353 2216 10 217 1 3.25 3.03 1.95 1 0 1024436 948256 76180 0 8268 306196 68312 75356 543776 1183320 0 0 0 0 0 0 4300 0 0 141224 0 623 5 0 0 0 0 15768 217 5 0 0 80 11 0 0 0 0 0 74 74 0 623 623 0 0 0
20161116 21:34:40.002 89 0 8 0 0 2 0 0 100 0 0 358 2343 12 217 4 3.23 3.03 1.96 4 0 1024436 949536 74900 0 8276 307424 68304 75436 543784 1183320 0 0 0 0 0 0 5308 0 0 141304 0 652 8 0 0 0 0 15764 217 5 0 0 80 19 0 0 0 0 0 79 79 0 652 652 0 0 0
20161116 21:34:45.002 89 0 8 0 0 2 0 0 100 0 0 353 2217 11 217 4 3.21 3.03 1.96 4 0 1024436 950528 73908 0 8284 308520 68304 75500 543784 1183320 0 0 0 0 0 0 936 0 0 141360 0 1661 5 0 0 0 0 15760 217 5 0 0 80 19 0 0 0 0 0 78 78 0 1661 1661 0 0 0
20161116 21:34:50.007 90 0 8 0 0 2 0 0 100 0 0 355 2222 11 217 5 3.19 3.03 1.97 5 0 1024436 951848 72588 0 8300 309724 68300 75556 543796 1183320 0 0 0 0 0 0 1952 0 0 141404 0 640 6 0 0 0 0 15760 217 5 0 0 80 17 0 0 0 0 0 76 76 0 640 640 0 0 0
20161116 21:34:55.001 88 0 9 0 0 2 0 0 100 0 0 371 2410 11 217 4 3.26 3.04 1.98 4 0 1024436 952932 71504 0 8308 310940 68304 75628 543800 1183320 0 0 0 0 0 0 3324 0 0 141076 0 673 7 0 0 0 0 15760 217 5 0 0 80 26 0 0 0 0 0 81 81 0 673 673 0 0 0
20161116 21:35:00.002 89 0 8 0 0 2 0 0 100 0 0 356 2161 11 217 4 3.24 3.04 1.98 4 0 1024436 954064 70372 0 8316 311956 68316 75676 543804 1184348 0 0 0 0 0 0 4416 0 0 140724 0 617 502 0 0 0 0 15768 217 5 0 0 80 22 0 0 0 0 0 72 72 0 617 617 0 0 0
20161116 21:35:05.002 91 0 7 0 0 1 0 0 100 0 0 357 2206 11 217 1 3.06 3.01 1.98 1 0 1024436 955288 69148 0 8324 312984 68320 75748 543808 1184348 0 0 0 0 0 0 4956 0 0 140396 0 719 7 0 0 0 0 15768 217 5 0 0 80 15 0 0 0 0 0 70 70 0 719 719 0 0 0
20161116 21:35:10.003 90 0 8 0 0 2 0 0 100 0 0 360 2215 10 217 4 3.05 3.01 1.98 4 0 1024436 956280 68156 0 8332 314068 68312 75808 543808 1184348 0 0 0 0 0 0 6192 0 0 140060 0 590 7 0 0 0 0 15764 217 5 0 0 80 17 0 0 0 0 0 71 71 0 590 590 0 0 0
20161116 21:35:15.001 91 0 7 0 0 2 0 0 100 0 0 371 2389 10 217 2 3.29 3.06 2.00 2 0 1024436 957520 66916 0 8340 315316 68320 75864 543816 1184348 0 0 0 0 0 0 2324 0 0 139716 0 1731 8 0 0 0 0 15764 217 5 0 0 80 14 0 0 0 0 0 85 85 0 1731 1731 0 0 0
20161116 21:35:20.002 88 0 10 0 0 2 0 0 100 0 0 362 2266 11 217 4 3.27 3.06 2.01 4 0 1024436 958636 65800 0 8348 316408 68316 75936 543820 1184348 0 0 0 0 0 0 3572 0 0 139388 0 630 7 0 0 0 0 15760 217 5 0 0 80 14 0 0 0 0 0 77 77 0 630 630 0 1 1
20161116 21:35:25.001 89 0 8 0 0 2 0 0 100 0 0 364 2335 10 217 2 3.24 3.06 2.02 2 0 1024436 959752 64684 0 8356 317512 68320 75992 543828 1184348 0 0 0 0 0 0 4300 0 0 139052 0 747 6 0 0 0 0 15760 217 5 0 0 80 11 0 0 0 0 0 78 78 0 747 747 0 0 0
20161116 21:35:30.003 90 0 8 0 0 2 0 0 100 0 0 374 2280 10 217 4 3.22 3.06 2.02 4 0 1024436 960868 63568 0 8364 318604 68336 76056 543828 1184348 0 0 0 0 0 0 5620 0 0 138716 0 613 105 0 0 0 0 15768 217 5 0 0 80 11 0 0 0 0 0 75 75 0 613 613 0 0 0
20161116 21:35:35.001 91 0 8 0 0 1 0 0 100 0 0 361 2217 10 217 2 3.21 3.06 2.03 2 0 1024436 961952 62484 0 8408 319676 68340 76112 543828 1184348 0 0 0 0 0 0 4224 0 0 138508 1 1125 6 0 0 0 0 15768 217 5 0 0 80 9 0 0 0 0 0 79 79 1 1125 1126 0 0 0
20161116 21:35:40.002 90 0 7 0 0 2 0 0 100 0 0 342 2043 11 217 4 3.19 3.05 2.03 4 0 1024436 962944 61492 0 8416 320600 68332 76168 543828 1184348 0 0 0 0 0 0 4980 0 0 138548 0 524 4 0 0 0 0 15764 217 5 0 0 80 12 0 0 0 0 0 64 64 0 524 524 0 0 0
20161116 21:35:45.001 89 0 8 0 0 3 0 0 100 0 0 360 2341 11 217 1 3.18 3.05 2.04 1 0 1024436 964184 60252 0 8424 321800 68328 76248 543828 1184348 0 0 0 0 0 0 996 0 0 138628 0 1651 6 0 0 0 0 15760 217 5 0 0 80 21 0 0 0 0 0 82 82 0 1651 1651 0 0 0
20161116 21:35:50.001 89 0 9 0 0 2 0 0 100 0 0 359 2343 11 217 4 3.24 3.07 2.05 4 0 1024436 944384 80052 0 8424 305716 64900 76304 543832 1184348 0 0 0 0 0 0 1932 0 0 139576 0 657 5 0 0 0 0 15760 217 5 0 0 80 19 0 0 0 0 0 79 79 0 657 657 0 0 0
20161116 21:35:55.001 90 0 8 0 0 2 0 0 100 0 0 360 2364 11 217 3 3.22 3.07 2.05 3 0 1024436 945660 78776 0 8432 306932 64868 76376 543836 1184348 0 0 0 0 0 0 2804 0 0 139652 0 700 6 0 0 0 0 15760 217 5 0 0 80 22 0 0 0 0 0 85 85 0 700 700 0 1 1
20161116 21:36:00.003 90 0 8 0 0 2 0 0 100 0 0 358 2335 11 217 4 3.20 3.07 2.06 4 0 1024436 930216 94220 0 8440 291740 64540 76440 543836 1184348 0 0 0 0 0 0 3820 0 0 139712 0 659 106 0 0 0 0 15768 217 5 0 0 80 26 0 0 0 0 0 81 81 0 659 659 0 0 0
20161116 21:36:05.001 89 0 8 0 0 2 0 0 100 0 0 348 2210 11 217 2 3.27 3.08 2.07 2 0 1024436 931156 93280 0 8448 292740 64528 76480 543836 1184348 0 0 0 0 0 0 4600 0 0 139760 0 591 4 0 0 0 0 15768 217 5 0 0 80 17 0 0 0 0 0 71 71 0 591 591 0 0 0
20161116 21:36:10.002 90 0 7 0 0 2 0 0 100 0 0 355 2292 10 217 4 3.25 3.08 2.07 4 0 1024436 932296 92140 0 8456 293904 64516 76560 543848 1184348 0 0 0 0 0 0 5312 0 0 139836 0 677 7 0 0 0 0 15764 217 5 0 0 80 17 0 0 0 0 0 77 77 0 677 677 0 0 0
20161116 21:36:15.001 88 0 9 0 0 3 0 0 100 0 0 359 2322 10 217 2 3.31 3.10 2.08 2 0 1024436 933540 90896 0 8468 295044 64512 76608 543852 1184348 0 0 0 0 0 0 944 0 0 139880 1 1714 5 0 0 0 0 15760 217 5 0 0 80 14 0 0 0 0 0 81 81 1 1714 1715 0 0 0
20161116 21:36:20.001 88 0 9 0 0 2 0 0 100 0 0 362 2398 10 217 4 3.28 3.09 2.09 4 0 1024436 934800 89636 0 8476 296316 64508 76696 543856 1184348 0 0 0 0 0 0 1968 0 0 139968 0 680 7 0 0 0 0 15760 217 5 0 0 80 11 0 0 0 0 0 82 82 0 680 680 0 0 0
20161116 21:36:25.001 89 0 9 0 0 2 0 0 100 0 0 359 2343 11 217 2 3.34 3.11 2.10 2 0 1024436 935944 88492 0 8484 297496 64512 76744 543856 1184348 0 0 0 0 0 0 2884 0 0 140024 0 672 5 0 0 0 0 15760 217 5 0 0 80 11 0 0 0 0 0 80 80 0 672 672 0 0 0
20161116 21:36:30.007 91 0 6 0 0 2 0 0 100 0 0 355 2233 10 217 4 3.31 3.11 2.10 4 0 1024436 937072 87364 0 8492 298628 64524 76824 543860 1184348 0 0 0 0 0 0 3712 0 0 140104 0 652 105 0 0 0 0 15768 217 5 0 0 80 11 0 0 0 0 0 79 79 0 652 652 0 0 0
20161116 21:36:35.002 90 0 8 0 0 2 0 0 100 0 0 353 2225 10 217 1 3.29 3.11 2.11 1 0 1024436 938212 86224 0 8500 299736 64524 76880 543864 1184348 0 0 0 0 0 0 4620 0 0 140160 0 604 7 0 0 0 0 15768 217 5 0 0 80 9 0 0 0 0 0 73 73 0 604 604 0 0 0
20161116 21:36:40.001 88 0 10 0 0 3 0 0 100 0 0 350 2150 11 217 4 3.27 3.10 2.11 4 0 1024436 939212 85224 0 8508 300740 64516 76920 543864 1184348 0 0 0 0 0 0 5396 0 0 140200 0 596 4 0 0 0 0 15764 217 5 0 0 80 13 0 0 0 0 0 71 71 0 596 596 0 0 0
20161116 21:36:45.001 89 0 8 0 0 3 0 0 100 0 0 354 2197 10 217 1 3.24 3.10 2.12 1 0 1024436 940316 84120 0 8516 301848 64508 76992 543872 1184348 0 0 0 0 0 0 820 0 0 140272 0 1709 6 0 0 0 0 15760 217 5 0 0 80 15 0 0 0 0 0 76 76 0 1709 1709 0 0 0
20161116 21:36:50.001 89 0 9 0 0 2 0 0 100 0 0 355 2305 11 217 4 3.30 3.12 2.13 4 0 1024436 941456 82980 0 8524 302968 64512 77040 543872 1184348 0 0 0 0 0 0 1748 0 0 140320 0 635 5 0 0 0 0 15760 217 5 0 0 80 21 0 0 0 0 0 76 76 0 635 635 0 0 0
20161116 21:36:55.002 90 0 8 0 0 2 0 0 100 0 0 351 2187 11 217 4 3.36 3.13 2.14 4 0 1024436 942780 81656 0 8532 304072 64516 77088 543872 1184348 0 0 0 0 0 0 2600 0 0 140368 0 603 6 0 0 0 0 15760 217 5 0 0 80 22 0 0 0 0 0 73 73 0 603 603 0 0 0
20161116 21:37:00.003 88 0 10 0 0 2 0 0 100 0 0 356 2227 11 217 4 3.33 3.13 2.14 4 0 1024436 943936 80500 0 8540 305168 64532 77176 543876 1184348 0 0 0 0 0 0 3464 0 0 140448 0 636 505 0 0 0 0 15768 217 5 0 0 80 22 0 0 0 0 0 77 77 0 636 636 0 0 0
20161116 21:37:05.001 90 0 8 0 0 2 0 0 100 0 0 354 2233 11 217 1 3.14 3.09 2.14 1 0 1024436 945068 79368 0 8548 306300 64536 77248 543876 1184348 0 0 0 0 0 0 4252 0 0 140520 0 651 5 0 0 0 0 15768 217 5 0 0 80 23 0 0 0 0 0 78 78 0 651 651 0 0 0
20161116 21:37:10.002 89 0 8 0 0 3 0 0 100 0 0 352 2248 10 217 4 3.13 3.09 2.14 4 0 1024436 946168 78268 0 8556 307384 64520 77304 543892 1184348 0 0 0 0 0 0 5144 0 0 140576 0 609 5 0 0 0 0 15764 217 5 0 0 80 16 0 0 0 0 0 73 73 0 609 609 0 0 0
20161116 21:37:15.002 88 0 9 0 0 2 0 0 100 0 0 351 2199 11 217 2 2.96 3.06 2.13 2 0 1024436 947160 77276 0 8564 308448 64528 77352 543896 1184348 0 0 0 0 0 0 936 0 0 140624 0 1625 5 0 0 0 0 15764 217 5 0 0 80 14 0 0 0 0 0 76 76 0 1625 1625 0 0 0
20161116 21:37:20.003 91 0 8 0 0 2 0 0 100 0 0 348 2121 10 217 4 2.97 3.06 2.14 4 0 1024436 948276 76160 0 8572 309512 64524 77424 543904 1184348 0 0 0 0 0 0 1568 0 0 140696 0 620 6 0 0 0 0 15760 217 5 0 0 80 11 0 0 0 0 0 69 69 0 618 618 0 0 0
20161116 21:37:25.001 88 0 9 0 0 2 0 0 100 0 0 353 2253 10 217 1 2.97 3.06 2.14 1 0 1024436 949396 75040 0 8580 310608 64520 77472 543908 1184348 0 0 0 0 0 0 2488 0 0 140752 0 617 5 0 0 0 0 15760 217 5 0 0 80 12 0 0 0 0 0 74 74 0 619 619 0 0 0
20161116 21:37:30.002 89 0 9 0 0 2 0 0 100 0 0 361 2161 10 218 6 2.97 3.06 2.15 6 0 1024436 950436 74000 0 8588 311640 64540 77536 543908 1184348 0 0 0 0 0 0 3364 0 0 140816 0 578 104 0 0 0 0 15768 217 5 0 0 80 12 0 0 0 0 0 71 71 0 578 578 0 0 0
20161116 21:37:35.002 89 0 8 0 0 3 0 0 100 0 0 349 2139 7 217 1 3.05 3.07 2.16 1 0 1024436 951504 72932 0 8596 312724 64540 77608 543908 1184348 0 0 0 0 0 0 4188 0 0 140896 0 599 6 0 0 0 0 15768 217 5 0 0 80 9 0 0 0 0 0 71 71 0 599 599 0 0 0
20161116 21:37:40.007 91 0 7 0 0 2 0 0 100 0 0 356 2265 10 217 4 3.05 3.07 2.16 4 0 1024436 952620 71816 0 8608 313820 64536 77656 543908 1184348 0 0 0 0 0 0 4980 0 0 140928 0 654 5 0 0 0 0 15764 217 5 0 0 80 10 0 0 0 0 0 79 79 0 654 654 0 0 0
20161116 21:37:45.002 89 0 9 0 0 2 0 0 100 0 0 354 2236 10 217 2 3.04 3.07 2.17 2 0 1024436 953860 70576 0 8616 314968 64528 77728 544040 1184348 0 0 0 0 0 0 972 0 0 141000 0 1605 12 0 0 0 0 15760 217 5 0 0 80 13 0 0 0 0 0 77 77 0 1605 1605 0 0 0
20161116 21:37:50.002 90 0 7 0 0 3 0 0 100 0 0 354 2245 11 217 4 3.04 3.07 2.17 4 0 1024436 955068 69368 0 8624 316072 64540 77792 544060 1184348 0 0 0 0 0 0 1808 0 0 141064 0 623 6 0 0 0 0 15764 217 5 0 0 80 19 0 0 0 0 0 74 74 0 623 623 0 0 0
20161116 21:37:55.002 90 0 7 0 0 2 0 0 100 0 0 355 2266 11 217 4 3.04 3.07 2.18 4 0 1024436 956184 68252 0 8632 317164 64540 77848 544064 1184348 0 0 0 0 0 0 2484 0 0 141124 0 671 5 0 0 0 0 15764 217 5 0 0 80 24 0 0 0 0 0 76 76 0 671 671 0 0 0
20161116 21:38:00.003 90 0 8 0 0 2 0 0 100 0 0 358 2277 11 217 3 3.04 3.07 2.18 3 0 1024436 957300 67136 0 8640 318348 64556 77928 544068 1184348 0 0 0 0 0 0 3476 0 0 141200 0 645 108 0 0 0 0 15772 217 5 0 0 80 19 0 0 0 0 0 79 79 0 645 645 0 0 0
20161116 21:38:05.002 90 0 8 0 0 2 0 0 100 0 0 340 2004 11 219 6 3.03 3.07 2.18 6 0 1024436 958416 66020 0 8648 319260 64556 77976 544068 1184348 0 0 0 0 0 0 4220 0 0 141256 0 507 4 0 0 0 0 15772 217 5 0 0 80 23 0 0 0 0 0 61 61 0 507 507 0 0 0
20161116 21:38:10.007 89 0 8 0 0 2 0 0 100 0 0 351 2241 11 217 6 2.87 3.03 2.18 5 0 1024436 959532 64904 0 8656 320324 64556 78024 544096 1184348 0 0 0 0 0 0 5064 0 0 141296 0 611 5 0 0 0 0 15768 217 5 0 0 80 22 0 0 0 0 0 73 73 0 611 611 0 0 0
20161116 21:38:15.002 88 0 9 0 0 3 0 0 100 0 0 345 2104 10 217 1 2.88 3.03 2.18 1 0 1024436 960556 63880 0 8664 321344 64552 78088 544104 1184348 0 0 0 0 0 0 808 0 0 141360 0 1588 5 0 0 0 0 15764 217 5 0 0 80 16 0 0 0 0 0 74 74 0 1588 1588 0 0 0
20161116 21:38:20.007 88 0 9 0 0 3 0 0 100 0 0 350 2146 11 217 5 2.97 3.05 2.19 5 0 1024436 961640 62796 0 8672 322424 64552 78152 544168 1184348 0 0 0 0 0 0 1696 0 0 141424 0 583 9 0 0 0 0 15764 217 5 0 0 80 11 0 0 0 0 0 70 70 0 583 583 0 0 0
20161116 21:38:25.001 89 0 9 0 0 2 0 0 100 0 0 362 2368 10 217 2 3.05 3.06 2.20 2 0 1024436 962880 61556 0 8680 323644 64552 78208 544180 1184348 0 0 0 0 0 0 2644 0 0 141492 0 700 5 0 0 0 0 15764 217 5 0 0 80 11 0 0 0 0 0 83 83 0 700 700 0 0 0
20161116 21:38:30.001 89 0 8 0 0 2 0 0 100 0 0 360 2330 10 217 4 3.05 3.06 2.21 4 0 1024436 953220 71216 0 7884 316812 62704 78280 544200 1184348 0 0 0 0 0 0 3404 0 0 142512 0 710 106 0 0 0 0 15772 217 5 0 0 80 9 0 0 0 0 0 81 81 0 710 710 0 0 0
20161116 21:38:35.002 90 0 8 0 0 2 0 0 100 0 0 358 2293 10 217 2 3.04 3.06 2.21 2 0 1024436 954600 69836 0 7892 317944 62708 78336 544220 1184348 0 0 0 0 0 0 4356 0 0 142152 0 641 60 0 0 0 0 15772 217 5 0 0 80 9 0 0 0 0 0 78 78 0 641 641 0 0 0
20161116 21:38:40.003 91 0 6 0 0 2 0 0 100 0 0 354 2219 11 217 2 3.12 3.08 2.22 2 0 1024436 955728 68708 0 7900 319048 62688 78400 544272 1184348 0 0 0 0 0 0 5264 0 0 142228 0 617 11 0 0 0 0 15772 217 5 0 0 80 10 0 0 0 0 0 75 75 0 617 617 0 0 0
20161116 21:38:45.001 89 0 8 0 0 2 0 0 100 0 0 361 2369 10 217 1 3.11 3.07 2.22 1 0 1024436 956860 67576 0 7908 320244 62680 78464 544280 1184348 0 0 0 0 0 0 1040 0 0 142280 0 1712 5 0 0 0 0 15764 217 5 0 0 80 13 0 0 0 0 0 83 83 0 1712 1712 0 0 0
20161116 21:38:50.001 91 0 7 0 0 2 0 0 100 0 0 362 2329 11 217 4 3.10 3.07 2.23 4 0 1024436 958248 66188 0 7916 321448 62676 78536 544336 1184348 0 0 0 0 0 0 1868 0 0 142352 0 698 10 0 0 0 0 15764 217 5 0 0 80 13 0 0 0 0 0 84 84 0 698 698 0 1 1
20161116 21:38:55.001 89 0 9 0 0 2 0 0 100 0 0 369 2410 11 217 4 3.17 3.09 2.24 4 0 1024436 959372 65064 0 7924 322664 62676 78592 544348 1184348 0 0 0 0 0 0 2860 0 0 142408 0 697 6 0 0 0 0 15760 217 5 0 0 80 22 0 0 0 0 0 84 84 0 697 697 0 0 0
20161116 21:39:00.007 90 0 9 0 0 1 0 0 100 0 0 356 2204 12 217 4 3.16 3.09 2.24 4 0 1024436 940460 83976 0 5644 308100 60628 77656 544348 1184348 0 0 0 0 0 0 3664 0 0 141168 0 604 509 0 0 0 0 15612 217 5 0 0 80 23 0 0 0 0 0 73 73 0 604 604 0 0 0
20161116 21:39:05.001 89 0 8 0 0 2 0 0 100 0 0 362 2362 11 217 2 3.15 3.09 2.25 2 0 1024436 941692 82744 0 5652 309304 60564 77736 544356 1184348 0 0 0 0 0 0 4392 0 0 141248 0 702 8 0 0 0 0 15596 217 5 0 0 80 19 0 0 0 0 0 79 79 0 702 702 0 0 0
20161116 21:39:10.001 89 0 9 0 0 2 0 0 100 0 0 360 2318 11 217 4 3.14 3.08 2.25 4 0 1024436 942816 81620 0 5660 310456 60548 77784 544368 1184348 0 0 0 0 0 0 5348 0 0 141296 0 658 6 0 0 0 0 15592 217 5 0 0 80 22 0 0 0 0 0 79 79 0 658 658 0 0 0
20161116 21:39:15.001 90 0 7 0 0 2 0 0 100 0 0 361 2347 11 217 2 3.12 3.08 2.25 2 0 1024436 944080 80356 0 5668 311672 60544 77864 544416 1184348 0 0 0 0 0 0 912 0 0 141376 0 1748 8 0 0 0 0 15588 217 5 0 0 80 17 0 0 0 0 0 83 83 0 1748 1748 0 0 0
20161116 21:39:20.007 91 0 8 0 0 2 0 0 100 0 0 352 2186 10 217 4 3.11 3.08 2.26 4 0 1024436 945200 79236 0 5676 312776 60540 77928 544424 1184348 0 0 0 0 0 0 1808 0 0 141440 0 609 6 0 0 0 0 15584 217 5 0 0 80 11 0 0 0 0 0 73 73 0 609 609 0 0 0
20161116 21:39:25.001 88 0 10 0 0 2 0 0 100 0 0 351 2169 10 217 1 3.11 3.08 2.26 1 0 1024436 946324 78112 0 5684 313828 60532 77968 544424 1184348 0 0 0 0 0 0 2624 0 0 141484 0 614 3 0 0 0 0 15584 217 5 0 0 80 11 0 0 0 0 0 75 75 0 614 614 0 1 1
20161116 21:39:30.001 90 0 8 0 0 2 0 0 100 0 0 383 2329 11 217 4 3.18 3.10 2.27 4 0 1024436 952092 72344 0 6396 318936 60568 78364 544432 1184348 0 0 0 0 0 0 3576 0 0 142572 930 663 215 9 0 0 0 15612 217 5 0 0 80 9 0 0 0 0 50 80 129 930 663 1594 0 0 0
20161116 21:39:35.002 91 0 7 0 0 2 0 0 100 0 0 361 2175 11 217 3 3.16 3.09 2.28 3 0 1024436 953228 71208 0 6404 319964 60556 78404 544444 1184348 0 0 0 0 0 0 4332 0 0 142612 0 592 4 0 0 0 0 15596 217 5 0 0 80 9 0 0 0 0 0 70 70 0 592 592 0 0 0
20161116 21:39:40.007 90 0 8 0 0 2 0 0 100 0 0 351 2173 10 217 4 3.23 3.11 2.28 4 0 1024436 954200 70236 0 6412 321028 60552 78460 544152 1184348 0 0 0 0 0 0 4996 0 0 142668 0 642 9 0 0 0 0 15592 217 5 0 0 80 10 0 0 0 0 0 73 73 0 642 642 0 0 0
20161116 21:39:45.002 89 0 8 1 0 3 0 0 99 0 0 343 2031 10 217 3 3.21 3.11 2.29 3 0 1024436 954952 69484 0 6420 321988 60532 78524 544152 1184348 0 0 0 0 0 0 776 0 0 142736 0 1539 5 0 0 0 0 15584 217 5 0 0 80 13 0 0 0 0 0 68 68 0 1539 1539 0 0 0
20161116 21:39:50.007 89 0 8 0 0 3 0 0 100 0 0 348 2128 10 217 5 3.11 3.09 2.29 5 0 1024436 956084 68352 0 6436 323140 60536 78572 544172 1184348 0 0 0 0 0 0 1728 0 0 142892 0 585 6 0 0 0 0 15584 217 5 0 0 80 13 0 0 0 0 0 70 70 0 585 585 0 0 0
20161116 21:39:55.001 89 0 9 0 0 2 0 0 100 0 0 368 2353 11 217 2 3.10 3.09 2.29 2 0 1024436 957324 67112 0 6444 324296 60536 78628 544188 1184348 0 0 0 0 0 0 3052 0 0 142584 0 661 7 0 0 0 0 15584 217 5 0 0 80 17 0 0 0 0 0 79 79 0 661 661 0 0 0
20161116 21:40:00.002 88 0 9 0 0 3 0 0 100 0 0 349 2082 11 217 4 3.10 3.09 2.29 4 0 1024436 958064 66372 0 6452 325228 60548 78676 544216 1184348 0 0 0 0 0 0 4156 0 0 142232 0 546 109 0 0 0 0 15592 217 5 0 0 80 23 0 0 0 0 0 68 68 0 546 546 0 1 1
20161116 21:40:05.002 90 0 7 0 0 2 0 0 100 0 0 354 2146 11 217 3 3.17 3.10 2.30 3 0 1024436 959184 65252 0 6460 326240 60548 78748 544224 1184348 0 0 0 0 0 0 5156 0 0 141912 0 590 6 0 0 0 0 15592 217 5 0 0 80 18 0 0 0 0 0 67 67 0 590 590 0 0 0
20161116 21:40:10.003 89 0 9 0 0 2 0 0 100 0 0 363 2260 11 219 5 3.16 3.10 2.31 5 0 1024436 960300 64136 0 6468 327316 60540 78796 544236 1184348 0 0 0 0 0 0 5272 0 0 141560 0 857 6 0 0 0 0 15588 217 5 0 0 80 20 0 0 0 0 0 77 77 0 857 857 0 0 0
20161116 21:40:15.002 91 0 7 0 0 2 0 0 100 0 0 359 2176 11 217 4 3.14 3.10 2.31 4 0 1024436 961384 63052 0 6476 328364 60540 78852 544244 1184348 0 0 0 0 0 0 1828 0 0 141220 0 1522 7 0 0 0 0 15584 217 5 0 0 80 17 0 0 0 0 0 72 72 0 1522 1522 0 0 0
20161116 21:40:20.007 90 0 8 0 0 1 0 0 100 0 0 354 2209 11 217 5 3.13 3.10 2.32 5 0 1024436 962376 62060 0 6484 329424 60540 78924 544248 1184348 0 0 0 0 0 0 3088 0 0 140888 0 579 8 0 0 0 0 15584 217 5 0 0 80 17 0 0 0 0 0 70 70 0 579 579 0 0 0
20161116 21:40:25.001 90 0 7 0 0 3 0 0 100 0 0 366 2321 10 217 2 3.20 3.11 2.33 2 0 1024436 963616 60820 0 6492 330568 60536 78972 544252 1184348 0 0 0 0 0 0 3932 0 0 140544 0 738 6 0 0 0 0 15584 217 5 0 0 80 10 0 0 0 0 0 79 79 0 738 738 0 0 0
20161116 21:40:30.002 91 0 7 0 0 1 0 0 100 0 0 359 2253 10 217 4 3.18 3.11 2.33 4 0 1024436 946840 77596 0 5828 314660 60508 78600 544260 1184348 0 0 0 0 0 0 5168 0 0 141796 0 597 104 0 0 0 0 15592 217 5 0 0 80 10 0 0 0 0 0 74 74 0 597 597 0 0 0
20161116 21:40:35.001 88 0 9 0 0 3 0 0 100 0 0 372 2368 9 218 2 3.17 3.11 2.33 2 0 1024436 948264 76172 0 5836 315900 60512 78688 544308 1184348 0 0 0 0 0 0 6500 0 0 141484 0 681 11 0 0 0 0 15592 217 5 0 0 80 12 0 0 0 0 0 83 83 0 681 681 0 1 1
