################################################################################
# Collectl:   V3.7.4-1  HiRes: 1  Options: -scmsd -i 5 -R 1200s -oDm -P -f/tmp 
# Host:       rabbitmq  DaemonOpts: 
# Booted:     1479330570.28 [20161116-21:09:30]
# Distro:     debian 8.6  Platform: Droplet
# Date:       20161116-212038  Secs: 1479331238 TZ: +0000
# SubSys:     cmsd Options: Dm Interval: 5 NumCPUs: 1  NumBud: 0 Flags: i
# Filters:    NfsFilt:  EnvFilt:  TcpFilt: ituc
# HZ:         100  Arch: x86_64-linux-gnu-thread-multi PageSize: 4096
# Cpu:        GenuineIntel Speed(MHz): 2399.998 Cores: 1  Siblings: 1 Nodes: 1
# Kernel:     3.16.0-4-amd64  Memory: 1024436 kB  Swap: 0 kB
# NumDisks:   1 DiskNames: vda
# NumNets:    5 NetNames: lo:?? vetha57e1af:10000 eth1:?? docker0:?? eth0:??
################################################################################
#Date Time [CPU]User% [CPU]Nice% [CPU]Sys% [CPU]Wait% [CPU]Irq% [CPU]Soft% [CPU]Steal% [CPU]Idle% [CPU]Totl% [CPU]Guest% [CPU]GuestN% [CPU]Intrpt/sec [CPU]Ctx/sec [CPU]Proc/sec [CPU]ProcQue [CPU]ProcRun [CPU]L-Avg1 [CPU]L-Avg5 [CPU]L-Avg15 [CPU]RunTot [CPU]BlkTot [MEM]Tot [MEM]Used [MEM]Free [MEM]Shared [MEM]Buf [MEM]Cached [MEM]Slab [MEM]Map [MEM]Anon [MEM]Commit [MEM]Locked [MEM]SwapTot [MEM]SwapUsed [MEM]SwapFree [MEM]SwapIn [MEM]SwapOut [MEM]Dirty [MEM]Clean [MEM]Laundry [MEM]Inactive [MEM]PageIn [MEM]PageOut [MEM]PageFaults [MEM]PageMajFaults [MEM]HugeTotal [MEM]HugeFree [MEM]HugeRsvd [MEM]SUnreclaim [SOCK]Used [SOCK]Tcp [SOCK]Orph [SOCK]Tw [SOCK]Alloc [SOCK]Mem [SOCK]Udp [SOCK]Raw [SOCK]Frag [SOCK]FragMem [DSK]ReadTot [DSK]WriteTot [DSK]OpsTot [DSK]ReadKBTot [DSK]WriteKBTot [DSK]KbTot [DSK]ReadMrgTot [DSK]WriteMrgTot [DSK]MrgTot
20161116 21:20:44.001 8 0 2 0 0 4 1 86 14 0 0 915 1585 0 173 0 0.06 0.10 0.06 0 0 1024436 934992 89444 0 31892 669660 73384 69716 143468 463112 0 0 0 0 0 0 244 0 0 322720 0 66 6 0 0 0 0 12024 122 5 0 1 27 12 0 0 0 0 0 14 14 0 66 66 0 0 0
20161116 21:20:49.001 8 0 2 0 0 4 1 85 15 0 0 931 1697 0 173 0 0.05 0.10 0.06 0 0 1024436 935132 89304 0 31900 669660 73304 69716 143488 463112 0 0 0 0 0 0 244 0 0 322720 0 3 58 0 0 0 0 11956 122 5 0 1 27 10 0 0 0 0 0 1 1 0 3 3 0 0 0
20161116 21:20:54.001 7 0 2 0 0 2 0 88 12 0 0 889 1649 0 173 0 0.05 0.09 0.06 0 0 1024436 935012 89424 0 31900 669660 73224 69716 143504 463112 0 0 0 0 0 0 216 0 0 322720 0 6 0 0 0 0 0 11876 122 5 0 1 27 12 0 0 0 0 0 0 0 0 6 6 0 0 0
20161116 21:20:59.001 6 0 2 0 0 4 0 88 12 0 0 839 1623 0 173 0 0.04 0.09 0.06 0 0 1024436 934980 89456 0 31908 669660 73192 69716 143508 463112 0 0 0 0 0 0 136 0 0 322720 0 21 46 0 0 0 0 11848 122 5 0 1 27 10 0 0 0 0 0 5 5 0 21 21 0 0 0
20161116 21:21:04.001 10 0 2 0 0 3 0 85 15 0 0 865 1672 0 173 1 0.04 0.09 0.06 1 0 1024436 935068 89368 0 31908 669660 73204 69716 143508 463112 0 0 0 0 0 0 136 0 0 322720 0 0 0 0 0 0 0 11844 122 5 0 1 27 11 0 0 0 0 0 0 0 0 0 0 0 0 0
20161116 21:21:09.001 8 0 1 0 0 3 0 87 13 0 0 866 1785 0 173 1 0.12 0.11 0.07 0 0 1024436 934940 89496 0 31908 669660 73184 69716 143508 463112 0 0 0 0 0 0 0 0 0 322720 0 26 46 0 0 0 0 11820 122 5 0 1 27 10 0 0 0 0 0 2 2 0 26 26 0 0 0
20161116 21:21:14.001 7 0 2 0 0 4 1 86 13 0 0 848 1742 0 173 0 0.19 0.12 0.07 0 0 1024436 935004 89432 0 31916 669652 73196 69716 143508 463112 0 0 0 0 0 0 0 0 0 322720 0 6 0 0 0 0 0 11820 122 5 0 1 27 12 0 0 0 0 0 2 2 0 6 6 0 0 0
20161116 21:21:19.001 5 0 1 0 0 3 1 90 10 0 0 737 1283 0 173 0 0.17 0.12 0.07 0 0 1024436 934972 89464 0 31916 669660 73164 69716 143508 463112 0 0 0 0 0 0 24 0 0 322720 0 0 45 0 0 0 0 11796 122 5 0 1 27 12 0 0 0 0 0 0 0 0 0 0 0 0 0
20161116 21:21:24.001 7 0 1 0 0 3 1 88 12 0 0 919 1624 0 173 1 0.24 0.13 0.07 1 0 1024436 935068 89368 0 31916 669676 73164 69716 143508 463112 0 0 0 0 0 0 44 0 0 322720 0 0 0 0 0 0 0 11796 122 5 0 1 27 14 0 0 0 0 0 0 0 0 0 0 0 0 0
20161116 21:21:29.001 7 0 1 0 0 3 0 88 12 0 0 996 1785 0 173 1 0.22 0.13 0.07 0 0 1024436 934416 90020 0 31924 669676 73164 69716 142860 463112 0 0 0 0 0 0 48 0 0 322724 0 2 45 0 0 0 0 11796 122 5 0 1 27 14 0 0 0 0 0 1 1 0 2 2 0 0 0
20161116 21:21:34.001 6 0 1 0 0 3 0 90 10 0 0 546 983 0 173 0 0.20 0.13 0.07 0 0 1024436 934416 90020 0 31924 669676 73164 69716 142872 463112 0 0 0 0 0 0 48 0 0 322724 0 0 1 0 0 0 0 11796 122 5 0 1 27 8 0 0 0 0 0 0 0 0 0 0 0 0 0
20161116 21:21:39.001 1 0 0 0 0 0 0 99 1 0 0 31 99 0 173 0 0.19 0.13 0.07 0 0 1024436 932896 91540 0 31940 669680 73184 69716 141236 458984 0 0 0 0 0 0 88 0 0 322724 0 17 47 0 0 0 0 11804 122 5 0 1 27 7 0 0 0 0 0 4 4 0 17 17 0 0 0
20161116 21:21:44.001 0 0 0 0 0 0 0 99 1 0 0 13 30 0 173 0 0.17 0.12 0.07 0 0 1024436 932772 91664 0 31948 669680 73172 69716 141240 458984 0 0 0 0 0 0 88 0 0 322724 0 8 0 0 0 0 0 11792 122 5 0 1 27 8 0 0 0 0 0 2 2 0 8 8 0 0 0
20161116 21:21:49.001 0 0 0 0 0 0 0 100 0 0 0 13 32 0 173 0 0.16 0.12 0.07 0 0 1024436 932772 91664 0 31948 669680 73148 69716 141240 458984 0 0 0 0 0 0 32 0 0 322724 0 11 45 0 0 0 0 11784 122 5 0 1 27 6 0 0 0 0 0 2 2 0 11 11 0 1 1
20161116 21:21:54.001 0 0 0 0 0 0 0 100 0 0 0 14 29 0 173 0 0.14 0.12 0.07 0 0 1024436 932772 91664 0 31948 669680 73140 69716 141240 458984 0 0 0 0 0 0 32 0 0 322724 0 0 0 0 0 0 0 11776 122 5 0 1 27 8 0 0 0 0 0 0 0 0 0 0 0 0 0
20161116 21:21:59.001 0 0 0 0 0 0 0 99 1 0 0 27 66 1 177 0 0.13 0.12 0.07 0 0 1024436 935424 89012 0 31948 669692 73304 69820 143464 463100 0 0 0 0 0 0 176 0 0 322724 0 6 299 0 0 0 0 11916 128 7 0 1 29 6 0 0 0 0 0 1 1 0 6 6 0 0 0
20161116 21:22:04.001 2 0 0 0 0 0 0 97 3 0 0 27 67 0 173 0 0.12 0.12 0.07 0 0 1024436 932848 91588 0 31956 669688 73256 69720 141240 458984 0 0 0 0 0 0 260 0 0 322720 0 9 12 0 0 0 0 11844 122 5 0 1 27 7 0 0 0 0 0 2 2 0 9 9 0 0 0
20161116 21:22:09.001 0 0 0 0 0 0 0 100 0 0 0 15 35 0 173 0 0.11 0.12 0.07 0 0 1024436 932840 91596 0 31964 669688 73220 69720 141240 458984 0 0 0 0 0 0 260 0 0 322720 0 5 46 0 0 0 0 11820 122 5 0 1 27 5 0 0 0 0 0 1 1 0 5 5 0 0 0
20161116 21:22:14.001 0 0 0 0 0 0 0 100 0 0 0 14 30 0 173 0 0.10 0.11 0.07 0 0 1024436 932832 91604 0 31964 669688 73196 69720 141240 458984 0 0 0 0 0 0 260 0 0 322720 0 0 0 0 0 0 0 11800 122 5 0 1 27 7 0 0 0 0 0 0 0 0 0 0 0 0 0
20161116 21:22:19.001 0 0 0 0 0 0 0 100 0 0 0 14 35 0 173 0 0.10 0.11 0.07 0 0 1024436 932708 91728 0 31964 669688 73144 69720 141240 458984 0 0 0 0 0 0 260 0 0 322720 0 0 46 0 0 0 0 11776 122 5 0 1 27 8 0 0 0 0 0 0 0 0 0 0 0 0 0
20161116 21:22:24.001 0 0 0 0 0 0 0 100 0 0 0 12 26 0 173 0 0.09 0.11 0.07 0 0 1024436 932992 91444 0 31964 669708 73148 69720 141240 458984 0 0 0 0 0 0 284 0 0 322720 0 0 0 0 0 0 0 11776 122 5 0 1 27 8 0 0 0 0 0 0 0 0 0 0 0 0 0
20161116 21:22:29.001 0 0 0 0 0 0 0 100 0 0 0 16 37 0 173 0 0.08 0.11 0.07 0 0 1024436 932992 91444 0 31972 669708 73256 69720 141244 458984 0 0 0 0 0 0 68 0 0 322732 0 46 46 0 0 0 0 11876 122 5 0 0 27 6 0 0 0 0 0 10 10 0 46 46 0 0 0
20161116 21:22:34.001 4 0 1 0 0 1 0 94 6 0 0 514 878 0 173 1 0.07 0.11 0.07 1 0 1024436 932864 91572 0 31984 669708 73216 69720 141244 458984 0 0 0 0 0 0 48 0 0 322732 0 12 0 0 0 0 0 11832 122 5 0 0 27 15 0 0 0 0 0 3 3 0 12 12 0 0 0
20161116 21:22:39.001 8 0 2 0 0 4 1 85 15 0 0 1059 1799 0 173 0 0.07 0.10 0.07 0 0 1024436 932960 91476 0 31984 669708 73196 69720 141244 458984 0 0 0 0 0 0 48 0 0 322732 0 0 47 0 0 0 0 11824 122 5 0 1 27 14 0 0 0 0 0 0 0 0 0 0 0 0 0
20161116 21:22:44.001 10 0 3 0 0 4 1 81 19 0 0 992 1789 0 173 1 0.06 0.10 0.07 1 0 1024436 932896 91540 0 31984 669708 73176 69720 141244 458984 0 0 0 0 0 0 48 0 0 322732 0 0 0 0 0 0 0 11808 122 5 0 1 27 14 0 0 0 0 0 0 0 0 0 0 0 0 0
20161116 21:22:49.001 7 0 2 0 0 3 0 88 12 0 0 931 1700 0 173 0 0.06 0.10 0.07 0 0 1024436 932928 91508 0 31984 669708 73160 69720 141244 458984 0 0 0 0 0 0 48 0 0 322732 0 0 46 0 0 0 0 11792 122 5 0 1 27 12 0 0 0 0 0 0 0 0 0 0 0 0 0
20161116 21:22:54.001 9 0 1 0 0 3 1 86 14 0 0 815 1568 0 173 1 0.05 0.10 0.07 0 0 1024436 932896 91540 0 31984 669708 73164 69720 141244 458984 0 0 0 0 0 0 24 0 0 322732 0 5 0 0 0 0 0 11780 122 5 0 1 27 13 0 0 0 0 0 0 0 0 5 5 0 0 0
20161116 21:22:59.001 7 0 2 0 0 3 0 88 12 0 0 723 1409 0 173 0 0.05 0.10 0.07 0 0 1024436 932864 91572 0 31992 669708 73144 69720 141244 458984 0 0 0 0 0 0 32 0 0 322732 0 4 45 0 0 0 0 11764 122 5 0 1 27 11 0 0 0 0 0 1 1 0 4 4 0 0 0
20161116 21:23:04.001 9 0 2 0 0 4 1 85 15 0 0 869 1769 0 173 0 0.04 0.10 0.06 0 0 1024436 932832 91604 0 31992 669708 73140 69720 141248 458984 0 0 0 0 0 0 0 0 0 322732 0 6 0 0 0 0 0 11768 122 5 0 1 27 13 0 0 0 0 0 2 2 0 6 6 0 0 0
20161116 21:23:09.001 9 0 2 0 0 4 1 85 15 0 0 830 1719 0 173 1 0.04 0.09 0.06 1 0 1024436 932928 91508 0 31992 669708 73136 69720 141248 458984 0 0 0 0 0 0 0 0 0 322732 0 0 45 0 0 0 0 11768 122 5 0 1 27 14 0 0 0 0 0 0 0 0 0 0 0 0 0
20161116 21:23:14.001 8 0 2 0 0 3 1 86 14 0 0 833 1697 0 173 1 0.04 0.09 0.06 1 0 1024436 932928 91508 0 31992 669708 73140 69720 141252 458984 0 0 0 0 0 0 0 0 0 322732 0 0 3 0 0 0 0 11768 122 5 0 1 27 14 0 0 0 0 0 0 0 0 0 0 0 0 0
20161116 21:23:19.001 8 0 2 0 0 3 0 86 14 0 0 822 1713 0 173 1 0.04 0.09 0.06 0 0 1024436 932864 91572 0 31992 669708 73140 69720 141308 458984 0 0 0 0 0 0 0 0 0 322732 0 0 52 0 0 0 0 11772 122 5 0 1 27 16 0 0 0 0 0 0 0 0 0 0 0 0 0
20161116 21:23:24.001 8 0 1 0 0 4 1 86 14 0 0 848 1751 0 173 0 0.03 0.09 0.06 0 0 1024436 932960 91476 0 31992 669724 73148 69720 141264 458984 0 0 0 0 0 0 20 0 0 322736 0 0 9 0 0 0 0 11772 122 5 0 1 27 16 0 0 0 0 0 0 0 0 0 0 0 0 0
20161116 21:23:29.001 7 0 1 0 0 3 1 87 13 0 0 897 1577 0 173 1 0.03 0.09 0.06 0 0 1024436 932896 91540 0 32000 669724 73148 69720 141252 458984 0 0 0 0 0 0 24 0 0 322736 0 2 45 0 0 0 0 11772 122 5 0 1 27 16 0 0 0 0 0 1 1 0 2 2 0 0 0
20161116 21:23:34.001 6 0 2 0 0 3 0 90 10 0 0 677 1218 0 173 0 0.03 0.09 0.06 0 0 1024436 932864 91572 0 32000 669724 73144 69720 141256 458984 0 0 0 0 0 0 24 0 0 322736 0 0 0 0 0 0 0 11772 122 5 0 1 27 7 0 0 0 0 0 0 0 0 0 0 0 0 0
20161116 21:23:39.001 0 0 0 0 0 0 0 99 1 0 0 28 64 0 173 0 0.03 0.09 0.06 0 0 1024436 932864 91572 0 32000 669724 73136 69720 141256 458984 0 0 0 0 0 0 24 0 0 322736 0 0 45 0 0 0 0 11772 122 5 0 1 27 7 0 0 0 0 0 0 0 0 0 0 0 0 0
20161116 21:23:44.001 1 0 0 0 0 0 0 99 1 0 0 16 33 1 177 0 0.02 0.08 0.06 0 0 1024436 934772 89664 0 32000 669732 73240 69828 142872 463100 0 0 0 0 0 0 24 0 0 322736 0 0 185 0 0 0 0 11872 128 7 0 1 29 9 0 0 0 0 0 0 0 0 0 0 0 0 0
20161116 21:23:49.001 0 0 0 0 0 0 0 100 0 0 0 25 68 0 177 0 0.02 0.08 0.06 0 0 1024436 935500 88936 0 32000 669732 73300 69840 143496 463100 0 0 0 0 0 0 204 0 0 322736 0 0 119 0 0 0 0 11920 128 7 0 1 29 8 0 0 0 0 0 0 0 0 0 0 0 0 0
20161116 21:23:54.001 0 0 0 0 0 0 0 100 0 0 0 19 42 0 173 0 0.02 0.08 0.06 0 0 1024436 933124 91312 0 32008 669728 73240 69732 141256 458984 0 0 0 0 0 0 248 0 0 322740 0 9 6 0 0 0 0 11836 122 5 0 1 27 7 0 0 0 0 0 1 1 0 9 9 0 0 0
20161116 21:23:59.001 0 0 0 0 0 0 0 100 0 0 0 15 37 0 173 0 0.02 0.08 0.06 0 0 1024436 914628 109808 0 32016 669728 73172 69732 122832 458984 0 0 0 0 0 0 256 0 0 322740 0 7 44 0 0 0 0 11780 122 5 0 1 27 7 0 0 0 0 0 2 2 0 7 7 0 0 0
20161116 21:24:04.001 1 0 0 0 0 0 0 99 1 0 0 15 32 0 173 0 0.02 0.08 0.06 0 0 1024436 914628 109808 0 32016 669728 73144 69732 122832 458984 0 0 0 0 0 0 228 0 0 322740 0 6 0 0 0 0 0 11764 122 5 0 1 27 7 0 0 0 0 0 1 1 0 6 6 0 0 0
20161116 21:24:09.001 0 0 0 0 0 0 0 100 0 0 0 15 38 0 173 0 0.02 0.08 0.06 0 0 1024436 914628 109808 0 32016 669728 73148 69732 122832 458984 0 0 0 0 0 0 228 0 0 322740 0 0 45 0 0 0 0 11768 122 5 0 1 27 7 0 0 0 0 0 0 0 0 0 0 0 0 0
20161116 21:24:14.001 0 0 0 0 0 0 0 100 0 0 0 11 23 0 173 0 0.01 0.08 0.06 0 0 1024436 914628 109808 0 32016 669728 73140 69732 122832 458984 0 0 0 0 0 0 228 0 0 322740 0 0 0 0 0 0 0 11768 122 5 0 1 27 7 0 0 0 0 0 0 0 0 0 0 0 0 0
20161116 21:24:19.003 0 0 0 0 0 0 0 100 0 0 0 19 42 0 173 0 0.01 0.07 0.06 0 0 1024436 914628 109808 0 32016 669728 73224 69732 122832 458984 0 0 0 0 0 0 8 0 0 322740 0 44 45 0 0 0 0 11856 122 5 0 1 27 8 0 0 0 0 0 9 9 0 44 44 0 0 0
20161116 21:24:24.001 0 0 0 0 0 0 0 100 0 0 0 13 26 0 173 0 0.01 0.07 0.06 0 0 1024436 914628 109808 0 32024 669748 73204 69732 122832 458984 0 0 0 0 0 0 48 0 0 322752 0 8 0 0 0 0 0 11828 122 5 0 1 27 8 0 0 0 0 0 2 2 0 8 8 0 0 0
20161116 21:24:29.001 0 0 0 0 0 0 0 99 1 0 0 14 34 0 173 0 0.01 0.07 0.06 0 0 1024436 914596 109840 0 32024 669748 73172 69732 122836 458984 0 0 0 0 0 0 48 0 0 322752 0 0 45 0 0 0 0 11800 122 5 0 0 27 8 0 0 0 0 0 0 0 0 0 0 0 0 0
20161116 21:24:34.001 4 0 1 0 0 1 0 93 7 0 0 422 730 0 173 1 0.01 0.07 0.06 1 0 1024436 914532 109904 0 32024 669748 73152 69732 122836 458984 0 0 0 0 0 0 48 0 0 322752 0 0 0 0 0 0 0 11784 122 5 0 0 27 15 0 0 0 0 0 0 0 0 0 0 0 0 0
20161116 21:24:39.001 8 0 2 0 0 3 0 86 14 0 0 903 1585 0 173 0 0.01 0.07 0.06 0 0 1024436 914500 109936 0 32024 669748 73136 69732 122840 458984 0 0 0 0 0 0 48 0 0 322752 0 0 46 0 0 0 0 11776 122 5 0 1 27 13 0 0 0 0 0 0 0 0 0 0 0 0 0
20161116 21:24:44.001 9 0 2 0 0 3 1 84 16 0 0 1006 1718 0 173 0 0.01 0.07 0.06 0 0 1024436 914436 110000 0 32024 669748 73132 69732 122840 458984 0 0 0 0 0 0 48 0 0 322752 0 0 0 0 0 0 0 11768 122 5 0 1 27 14 0 0 0 0 0 0 0 0 0 0 0 0 0
20161116 21:24:49.001 8 0 3 0 0 4 1 85 15 0 0 854 1575 1 174 0 0.01 0.07 0.05 0 0 1024436 914860 109576 0 32272 669748 73264 69732 122848 458984 0 0 0 0 0 0 176 0 0 322752 50 0 237 0 0 0 0 11788 122 5 0 1 27 13 0 0 0 0 12 0 12 50 0 50 0 0 0
20161116 21:24:54.001 9 0 1 0 0 3 1 86 14 0 0 946 1708 0 174 1 0.01 0.07 0.05 0 0 1024436 914764 109672 0 32284 669736 73276 69732 122848 458984 0 0 0 0 0 0 388 0 0 322752 0 62 0 0 0 0 0 11792 122 5 0 1 27 13 0 0 0 0 0 15 15 0 62 62 0 0 0
20161116 21:24:59.001 9 0 2 0 0 3 1 85 15 0 0 859 1616 0 174 1 0.01 0.07 0.05 0 0 1024436 914900 109536 0 32284 669748 73228 69732 122848 458984 0 0 0 0 0 0 392 0 0 322752 0 0 45 0 0 0 0 11784 122 5 0 1 27 12 0 0 0 0 0 0 0 0 0 0 0 0 0
20161116 21:25:04.002 9 0 3 0 0 4 2 82 18 0 0 899 1627 0 174 1 0.01 0.06 0.05 0 0 1024436 914828 109608 0 32284 669748 73196 69732 122848 458984 0 0 0 0 0 0 392 0 0 322752 0 0 0 0 0 0 0 11776 122 5 0 1 27 13 0 0 0 0 0 0 0 0 0 0 0 0 0
20161116 21:25:09.001 9 0 2 0 0 4 0 84 16 0 0 928 1793 0 174 0 0.01 0.06 0.05 0 0 1024436 914804 109632 0 32284 669748 73184 69732 122848 458984 0 0 0 0 0 0 392 0 0 322752 0 0 45 0 0 0 0 11780 122 5 0 1 27 14 0 0 0 0 0 0 0 0 0 0 0 0 0
20161116 21:25:14.001 9 0 2 0 0 4 1 84 16 0 0 952 1731 0 174 0 0.01 0.06 0.05 0 0 1024436 914796 109640 0 32284 669748 73164 69732 122848 458984 0 0 0 0 0 0 392 0 0 322752 0 0 0 0 0 0 0 11768 122 5 0 1 27 16 0 0 0 0 0 0 0 0 0 0 0 0 0
20161116 21:25:19.001 7 0 2 0 0 5 1 85 15 0 0 1060 1791 0 174 0 0.00 0.06 0.05 0 0 1024436 914868 109568 0 32292 669748 73232 69732 122848 458984 0 0 0 0 0 0 272 0 0 322752 0 27 45 0 0 0 0 11832 122 5 0 1 27 16 0 0 0 0 0 6 6 0 27 27 0 0 0
20161116 21:25:24.001 8 0 2 0 0 4 0 86 14 0 0 1054 1784 0 174 1 0.00 0.06 0.05 1 0 1024436 914700 109736 0 32292 669764 73228 69732 122852 458984 0 0 0 0 0 0 284 0 0 322756 0 2 0 0 0 0 0 11824 122 5 0 1 27 16 0 0 0 0 0 0 0 0 2 2 0 0 0
20161116 21:25:29.001 9 0 2 0 0 4 1 85 15 0 0 1002 1779 0 174 0 0.00 0.06 0.05 0 0 1024436 914804 109632 0 32300 669764 73232 69732 122852 458984 0 0 0 0 0 0 24 0 0 322756 0 54 45 0 0 0 0 11828 122 5 0 1 27 16 0 0 0 0 0 9 9 0 54 54 0 5 5
20161116 21:25:34.001 8 0 2 0 0 4 0 85 15 0 0 927 1657 0 174 0 0.00 0.06 0.05 0 0 1024436 914764 109672 0 32300 669764 73212 69732 122852 458984 0 0 0 0 0 0 24 0 0 322756 0 0 0 0 0 0 0 11808 122 5 0 1 27 7 0 0 0 0 0 0 0 0 0 0 0 0 0
20161116 21:25:39.001 1 0 1 0 0 0 0 98 2 0 0 44 95 1 178 0 0.00 0.06 0.05 0 0 1024436 917392 107044 0 32308 669772 73336 69816 125084 463100 0 0 0 0 0 0 208 0 0 322752 0 4 300 0 0 0 0 11920 128 7 0 1 29 7 0 0 0 0 0 1 1 0 4 4 0 0 0
20161116 21:25:44.001 0 0 0 0 0 0 0 100 0 0 0 21 53 0 174 0 0.00 0.06 0.05 0 0 1024436 914972 109464 0 32316 669764 73284 69740 122852 458984 0 0 0 0 0 0 256 0 0 322752 0 5 12 0 0 0 0 11852 122 5 0 1 27 7 0 0 0 0 0 1 1 0 5 5 0 0 0
20161116 21:25:49.001 0 0 0 0 0 0 0 100 0 0 0 17 37 0 174 0 0.00 0.06 0.05 0 0 1024436 915156 109280 0 32324 669764 73340 69740 122852 458984 0 0 0 0 0 0 32 0 0 322752 0 56 45 0 0 0 0 11912 122 5 0 1 27 6 0 0 0 0 0 11 11 0 56 56 0 0 0
20161116 21:25:54.001 0 0 0 0 0 0 0 100 0 0 0 15 31 0 174 0 0.00 0.05 0.05 0 0 1024436 915008 109428 0 32324 669764 73248 69740 122852 458984 0 0 0 0 0 0 32 0 0 322752 0 0 0 0 0 0 0 11828 122 5 0 1 27 8 0 0 0 0 0 0 0 0 0 0 0 0 0
20161116 21:25:59.001 0 0 0 0 0 0 0 100 0 0 0 12 30 0 174 0 0.00 0.05 0.05 0 0 1024436 914992 109444 0 32324 669764 73216 69740 122856 458984 0 0 0 0 0 0 32 0 0 322752 0 0 46 0 0 0 0 11812 122 5 0 1 27 6 0 0 0 0 0 0 0 0 0 0 0 0 0
20161116 21:26:04.001 1 0 0 0 0 0 0 99 1 0 0 16 37 0 174 0 0.00 0.05 0.05 0 0 1024436 914984 109452 0 32324 669764 73184 69740 122856 458984 0 0 0 0 0 0 32 0 0 322752 0 0 0 0 0 0 0 11780 122 5 0 1 27 9 0 0 0 0 0 0 0 0 0 0 0 0 0
20161116 21:26:09.001 0 0 0 0 0 0 0 100 0 0 0 15 35 0 174 0 0.00 0.05 0.05 0 0 1024436 914992 109444 0 32324 669764 73180 69740 122860 458984 0 0 0 0 0 0 32 0 0 322752 0 0 45 0 0 0 0 11776 122 5 0 1 27 7 0 0 0 0 0 0 0 0 0 0 0 0 0
20161116 21:26:14.001 0 0 0 0 0 0 0 100 0 0 0 12 26 0 174 0 0.00 0.05 0.05 0 0 1024436 914984 109452 0 32324 669764 73160 69740 122860 458984 0 0 0 0 0 0 32 0 0 322752 0 0 0 0 0 0 0 11760 122 5 0 1 27 9 0 0 0 0 0 0 0 0 0 0 0 0 0
20161116 21:26:19.001 0 0 0 0 0 0 0 100 0 0 0 15 37 0 174 0 0.00 0.05 0.05 0 0 1024436 914992 109444 0 32324 669764 73160 69740 122860 458984 0 0 0 0 0 0 0 0 0 322752 0 6 45 0 0 0 0 11764 122 5 0 1 27 8 0 0 0 0 0 1 1 0 6 6 0 0 0
20161116 21:26:24.001 0 0 0 0 0 0 0 100 0 0 0 14 31 0 174 0 0.00 0.05 0.05 0 0 1024436 914984 109452 0 32324 669784 73160 69740 122860 458984 0 0 0 0 0 0 24 0 0 322752 0 0 0 0 0 0 0 11760 122 5 0 1 27 10 0 0 0 0 0 0 0 0 0 0 0 0 0
20161116 21:26:29.001 0 0 0 0 0 0 0 100 0 0 0 13 33 0 174 0 0.00 0.05 0.05 0 0 1024436 914960 109476 0 32332 669784 73160 69740 122860 458984 0 0 0 0 0 0 28 0 0 322764 0 2 45 0 0 0 0 11764 122 5 0 0 27 8 0 0 0 0 0 1 1 0 2 2 0 0 0
20161116 21:26:34.001 3 0 1 0 0 2 1 93 7 0 0 481 828 0 174 0 0.00 0.05 0.05 0 0 1024436 914856 109580 0 32332 669784 73160 69740 122860 458984 0 0 0 0 0 0 28 0 0 322764 0 0 0 0 0 0 0 11760 122 5 0 0 27 15 0 0 0 0 0 0 0 0 0 0 0 0 0
20161116 21:26:39.001 7 0 2 0 0 3 1 86 14 0 0 1030 1744 0 174 1 0.00 0.05 0.05 1 0 1024436 914928 109508 0 32332 669784 73172 69740 122860 458984 0 0 0 0 0 0 28 0 0 322764 0 0 46 0 0 0 0 11780 122 5 0 1 27 16 0 0 0 0 0 0 0 0 0 0 0 0 0
20161116 21:26:44.001 10 0 2 0 0 5 1 83 17 0 0 997 1773 0 174 0 0.00 0.04 0.05 0 0 1024436 915016 109420 0 32332 669784 73160 69740 122860 458984 0 0 0 0 0 0 28 0 0 322764 0 0 0 0 0 0 0 11768 122 5 0 1 27 16 0 0 0 0 0 0 0 0 0 0 0 0 0
20161116 21:26:49.001 8 0 2 0 0 3 1 87 13 0 0 908 1612 0 174 1 0.00 0.04 0.05 0 0 1024436 914960 109476 0 32332 669784 73164 69740 122860 458984 0 0 0 0 0 0 28 0 0 322764 0 0 45 0 0 0 0 11776 122 5 0 1 27 12 0 0 0 0 0 0 0 0 0 0 0 0 0
20161116 21:26:54.001 8 0 1 0 0 4 1 86 14 0 0 945 1661 0 174 1 0.00 0.04 0.05 1 0 1024436 914888 109548 0 32332 669784 73176 69740 122864 458984 0 0 0 0 0 0 4 0 0 322764 0 5 0 0 0 0 0 11772 122 5 0 1 27 14 0 0 0 0 0 0 0 0 5 5 0 0 0
20161116 21:26:59.001 8 0 2 0 0 4 0 86 14 0 0 936 1644 0 174 1 0.00 0.04 0.05 1 0 1024436 914960 109476 0 32340 669784 73176 69740 122864 458984 0 0 0 0 0 0 12 0 0 322764 0 4 46 0 0 0 0 11772 122 5 0 1 27 12 0 0 0 0 0 1 1 0 4 4 0 0 0
20161116 21:27:04.001 8 0 1 0 0 4 0 86 14 0 0 891 1590 0 174 1 0.00 0.04 0.05 1 0 1024436 914888 109548 0 32340 669784 73164 69740 122864 458984 0 0 0 0 0 0 0 0 0 322764 0 2 1 0 0 0 0 11768 122 5 0 1 27 14 0 0 0 0 0 1 1 0 2 2 0 0 0
20161116 21:27:09.001 7 0 1 0 0 5 0 87 13 0 0 910 1656 0 174 0 0.00 0.04 0.05 0 0 1024436 914896 109540 0 32340 669784 73168 69740 122864 458984 0 0 0 0 0 0 0 0 0 322764 0 0 45 0 0 0 0 11772 122 5 0 1 27 13 0 0 0 0 0 0 0 0 0 0 0 0 0
20161116 21:27:14.001 8 0 2 0 0 3 1 86 14 0 0 909 1746 0 174 1 0.00 0.04 0.05 0 0 1024436 914920 109516 0 32340 669784 73160 69740 122864 458984 0 0 0 0 0 0 0 0 0 322764 0 0 0 0 0 0 0 11764 122 5 0 1 27 15 0 0 0 0 0 0 0 0 0 0 0 0 0
20161116 21:27:19.001 8 0 2 0 0 4 1 85 15 0 0 815 1575 0 174 1 0.00 0.04 0.05 1 0 1024436 915024 109412 0 32340 669784 73164 69740 122864 458984 0 0 0 0 0 0 0 0 0 322764 0 0 45 0 0 0 0 11772 122 5 0 1 27 15 0 0 0 0 0 0 0 0 0 0 0 0 0
20161116 21:27:24.001 8 0 1 0 0 4 1 86 14 0 0 950 1774 0 174 1 0.00 0.04 0.05 0 0 1024436 914920 109516 0 32340 669800 73160 69740 122864 458984 0 0 0 0 0 0 20 0 0 322764 0 0 0 0 0 0 0 11764 122 5 0 1 27 16 0 0 0 0 0 0 0 0 0 0 0 0 0
20161116 21:27:29.001 7 0 3 0 0 4 0 85 15 0 0 977 1798 1 178 0 0.00 0.04 0.05 0 0 1024436 916932 107504 0 32348 669808 73280 69772 124468 463100 0 0 0 0 0 0 24 0 0 322768 0 2 228 0 0 0 0 11884 128 7 0 1 29 17 0 0 0 0 0 1 1 0 2 2 0 0 0
20161116 21:27:34.001 10 0 3 0 0 4 1 82 18 0 0 967 1865 0 178 0 0.00 0.04 0.05 0 0 1024436 917708 106728 0 32348 669808 73312 69832 125096 463100 0 0 0 0 0 0 200 0 0 322768 0 0 72 0 0 0 0 11904 128 7 0 1 29 14 0 0 0 0 0 0 0 0 0 0 0 0 0
20161116 21:27:39.001 4 0 1 0 0 1 0 93 7 0 0 372 729 0 174 0 0.00 0.04 0.05 0 0 1024436 915200 109236 0 32356 669808 73292 69744 122956 462376 0 0 0 0 0 0 268 0 0 322768 0 5 60 0 0 0 0 11876 122 5 0 1 27 6 0 0 0 0 0 1 1 0 5 5 0 0 0
20161116 21:27:44.001 0 0 0 0 0 0 0 100 0 0 0 14 30 0 174 0 0.00 0.04 0.05 0 0 1024436 915176 109260 0 32364 669808 73212 69744 122956 462376 0 0 0 0 0 0 268 0 0 322768 0 5 0 0 0 0 0 11804 122 5 0 1 27 7 0 0 0 0 0 1 1 0 5 5 0 0 0
20161116 21:27:49.001 0 0 0 0 0 0 0 100 0 0 0 14 33 0 174 0 0.00 0.04 0.05 0 0 1024436 915176 109260 0 32364 669808 73196 69744 122956 462376 0 0 0 0 0 0 268 0 0 322768 0 0 45 0 0 0 0 11788 122 5 0 1 27 5 0 0 0 0 0 0 0 0 0 0 0 0 0
20161116 21:27:54.001 0 0 0 0 0 0 0 100 0 0 0 14 30 0 174 0 0.00 0.04 0.05 0 0 1024436 915068 109368 0 32364 669808 73192 69744 122956 462376 0 0 0 0 0 0 248 0 0 322768 0 4 0 0 0 0 0 11776 122 5 0 1 27 7 0 0 0 0 0 0 0 0 4 4 0 0 0
20161116 21:27:59.001 0 0 0 0 0 0 0 100 0 0 0 14 35 0 174 0 0.00 0.04 0.05 0 0 1024436 915020 109416 0 32372 669808 73172 69744 122956 462376 0 0 0 0 0 0 256 0 0 322768 0 4 45 0 0 0 0 11764 122 5 0 1 27 8 0 0 0 0 0 1 1 0 4 4 0 0 0
20161116 21:28:04.001 1 0 0 0 0 0 0 98 2 0 0 16 35 0 174 0 0.00 0.04 0.05 0 0 1024436 915136 109300 0 32372 669808 73260 69744 122956 462376 0 0 0 0 0 0 8 0 0 322768 0 50 0 0 0 0 0 11852 122 5 0 1 27 8 0 0 0 0 0 10 10 0 50 50 0 0 0
20161116 21:28:09.001 0 0 0 0 0 0 0 100 0 0 0 15 36 0 174 0 0.00 0.04 0.05 0 0 1024436 915144 109292 0 32380 669808 73252 69744 122956 462376 0 0 0 0 0 0 24 0 0 322768 0 8 46 0 0 0 0 11844 122 5 0 1 27 8 0 0 0 0 0 2 2 0 8 8 0 0 0
20161116 21:28:14.001 0 0 0 0 0 0 0 100 0 0 0 11 25 0 174 0 0.00 0.04 0.05 0 0 1024436 915136 109300 0 32380 669808 73220 69744 122956 462376 0 0 0 0 0 0 24 0 0 322768 0 0 0 0 0 0 0 11812 122 5 0 1 27 8 0 0 0 0 0 0 0 0 0 0 0 0 0
20161116 21:28:19.001 0 0 0 0 0 0 0 100 0 0 0 15 39 0 174 0 0.00 0.04 0.05 0 0 1024436 915144 109292 0 32380 669808 73164 69744 122960 462376 0 0 0 0 0 0 24 0 0 322768 0 0 45 0 0 0 0 11772 122 5 0 1 27 10 0 0 0 0 0 0 0 0 0 0 0 0 0
20161116 21:28:24.001 0 0 0 0 0 0 0 100 0 0 0 13 27 0 174 0 0.00 0.03 0.05 0 0 1024436 915136 109300 0 32380 669828 73180 69744 122960 462376 0 0 0 0 0 0 0 0 0 322780 0 10 0 0 0 0 0 11776 122 5 0 1 27 10 0 0 0 0 0 1 1 0 10 10 0 0 0
20161116 21:28:29.001 0 0 0 0 0 0 0 100 0 0 0 14 36 0 174 0 0.00 0.03 0.05 0 0 1024436 915144 109292 0 32388 669828 73176 69744 122960 462376 0 0 0 0 0 0 12 0 0 322780 0 4 45 0 0 0 0 11772 122 5 0 0 27 9 0 0 0 0 0 1 1 0 4 4 0 0 0
20161116 21:28:34.001 3 0 1 0 0 1 0 96 4 0 0 427 727 0 174 1 0.00 0.03 0.05 1 0 1024436 915136 109300 0 32388 669828 73160 69744 122960 462376 0 0 0 0 0 0 12 0 0 322780 0 0 0 0 0 0 0 11756 122 5 0 0 27 14 0 0 0 0 0 0 0 0 0 0 0 0 0
20161116 21:28:39.001 8 0 2 0 0 2 0 89 11 0 0 864 1506 0 174 0 0.00 0.03 0.05 0 0 1024436 915052 109384 0 32388 669828 73164 69744 122880 462376 0 0 0 0 0 0 12 0 0 322780 0 0 46 0 0 0 0 11776 122 5 0 1 27 12 0 0 0 0 0 0 0 0 0 0 0 0 0
20161116 21:28:44.001 7 0 2 0 0 3 1 86 14 0 0 951 1629 0 174 0 0.00 0.03 0.05 0 0 1024436 915012 109424 0 32388 669828 73164 69744 122880 462376 0 0 0 0 0 0 12 0 0 322780 0 0 0 0 0 0 0 11772 122 5 0 1 27 18 0 0 0 0 0 0 0 0 0 0 0 0 0
20161116 21:28:49.001 8 0 2 0 0 3 1 87 13 0 0 1022 1761 0 174 1 0.00 0.03 0.05 1 0 1024436 914988 109448 0 32388 669828 73172 69744 122880 462376 0 0 0 0 0 0 12 0 0 322780 0 0 46 0 0 0 0 11780 122 5 0 1 27 16 0 0 0 0 0 0 0 0 0 0 0 0 0
20161116 21:28:54.001 8 0 1 0 0 2 0 88 12 0 0 789 1438 0 174 0 0.08 0.05 0.05 0 0 1024436 915044 109392 0 32388 669828 73164 69744 122884 462376 0 0 0 0 0 0 12 0 0 322780 0 0 0 0 0 0 0 11772 122 5 0 1 27 16 0 0 0 0 0 0 0 0 0 0 0 0 0
20161116 21:28:59.001 8 0 2 0 0 3 0 87 13 0 0 863 1595 0 174 0 0.08 0.05 0.05 0 0 1024436 915116 109320 0 32388 669828 73160 69744 122884 462376 0 0 0 0 0 0 0 0 0 322780 0 2 44 0 0 0 0 11772 122 5 0 1 27 16 0 0 0 0 0 1 1 0 2 2 0 0 0
20161116 21:29:04.001 9 0 2 0 0 5 1 83 17 0 0 887 1621 0 174 0 0.07 0.05 0.05 0 0 1024436 915044 109392 0 32388 669828 73160 69744 122888 462376 0 0 0 0 0 0 0 0 0 322780 0 0 0 0 0 0 0 11768 122 5 0 1 27 16 0 0 0 0 0 0 0 0 0 0 0 0 0
20161116 21:29:09.001 7 0 2 0 0 4 1 84 16 0 0 931 1760 1 178 1 0.06 0.05 0.05 1 0 1024436 917844 106592 0 32388 669964 73320 69888 125104 466368 0 0 0 0 0 0 140 0 0 322892 0 0 294 0 0 0 0 11912 130 7 0 1 29 17 0 0 0 0 0 0 0 0 0 0 0 0 0
20161116 21:29:14.001 10 0 2 0 0 3 1 84 16 0 0 905 1749 0 174 0 0.06 0.04 0.05 0 0 1024436 915380 109056 0 32396 669956 73276 69752 122888 461612 0 0 0 0 0 0 232 0 0 322908 0 5 22 0 0 0 0 11852 122 6 1 1 28 18 0 0 0 0 0 1 1 0 5 5 0 0 0
20161116 21:29:19.001 10 0 2 0 0 4 1 83 17 0 0 944 1824 0 174 1 0.05 0.04 0.05 1 0 1024436 915372 109064 0 32404 669948 73228 69752 122888 461612 0 0 0 0 0 0 232 0 0 322908 0 5 46 0 0 0 0 11816 122 5 0 1 27 18 0 0 0 0 0 1 1 0 5 5 0 0 0
20161116 21:29:24.001 9 0 2 0 0 3 1 85 15 0 0 898 1733 0 174 1 0.05 0.04 0.05 1 0 1024436 915292 109144 0 32404 669972 73204 69752 122888 461612 0 0 0 0 0 0 256 0 0 322908 0 0 0 0 0 0 0 11792 122 5 0 1 27 18 0 0 0 0 0 0 0 0 0 0 0 0 0
20161116 21:29:29.001 9 0 2 0 0 4 0 85 15 0 0 875 1801 0 174 0 0.05 0.04 0.05 0 0 1024436 915364 109072 0 32412 669972 73200 69752 122888 461612 0 0 0 0 0 0 260 0 0 322912 0 2 45 0 0 0 0 11796 122 5 0 1 27 17 0 0 0 0 0 1 1 0 2 2 0 0 0
20161116 21:29:34.001 9 0 2 0 0 3 0 86 14 0 0 887 1831 0 174 0 0.04 0.04 0.05 0 0 1024436 915356 109080 0 32412 669972 73180 69752 122888 461612 0 0 0 0 0 0 260 0 0 322912 0 0 0 0 0 0 0 11784 122 5 0 1 27 14 0 0 0 0 0 0 0 0 0 0 0 0 0
20161116 21:29:39.001 9 0 2 0 0 3 0 85 15 0 0 903 1865 0 174 1 0.04 0.04 0.05 0 0 1024436 915336 109100 0 32412 669972 73276 69752 122888 461612 0 0 0 0 0 0 44 0 0 322912 0 43 45 0 0 0 0 11880 122 5 0 1 27 14 0 0 0 0 0 9 9 0 43 43 0 0 0
20161116 21:29:44.001 4 0 1 0 0 1 0 94 6 0 0 361 643 0 174 0 0.04 0.04 0.05 0 0 1024436 915424 109012 0 32420 669972 73268 69752 122888 461612 0 0 0 0 0 0 44 0 0 322912 0 3 0 0 0 0 0 11868 122 5 0 1 27 6 0 0 0 0 0 1 1 0 3 3 0 0 0
20161116 21:29:49.001 0 0 0 0 0 0 0 100 0 0 0 17 42 0 173 0 0.03 0.04 0.05 0 0 1024436 915428 109008 0 32420 669972 73248 69752 122892 461612 0 0 0 0 0 0 20 0 0 322912 0 5 46 0 0 0 0 11848 122 5 0 1 27 6 0 0 0 0 0 1 1 0 5 5 0 0 0
20161116 21:29:54.001 0 0 0 0 0 0 0 100 0 0 0 13 26 0 173 0 0.03 0.04 0.05 0 0 1024436 915396 109040 0 32420 669972 73216 69752 122892 461612 0 0 0 0 0 0 0 0 0 322912 0 4 0 0 0 0 0 11812 122 5 0 1 27 6 0 0 0 0 0 0 0 0 4 4 0 0 0
20161116 21:29:59.001 0 0 0 0 0 0 0 100 0 0 0 15 36 0 173 0 0.03 0.04 0.05 0 0 1024436 915396 109040 0 32428 669964 73184 69752 122892 461612 0 0 0 0 0 0 0 0 0 322912 0 4 46 0 0 0 0 11780 122 5 0 1 27 7 0 0 0 0 0 1 1 0 4 4 0 0 0
20161116 21:30:04.002 1 0 0 0 0 0 0 99 1 0 0 14 32 0 173 0 0.03 0.04 0.05 0 0 1024436 915352 109084 0 32428 669972 73176 69752 122892 461612 0 0 0 0 0 0 12 0 0 322912 0 0 0 0 0 0 0 11772 122 5 0 1 27 10 0 0 0 0 0 0 0 0 0 0 0 0 0
20161116 21:30:09.001 0 0 0 0 0 0 0 99 1 0 0 15 36 0 173 0 0.02 0.04 0.05 0 0 1024436 915344 109092 0 32428 669972 73156 69752 122892 461612 0 0 0 0 0 0 12 0 0 322912 0 0 46 0 0 0 0 11764 122 5 0 1 27 9 0 0 0 0 0 0 0 0 0 0 0 0 0
20161116 21:30:14.001 0 0 0 0 0 0 0 100 0 0 0 11 24 0 173 0 0.02 0.04 0.05 0 0 1024436 915340 109096 0 32428 669972 73152 69752 122892 461612 0 0 0 0 0 0 12 0 0 322912 0 0 0 0 0 0 0 11760 122 5 0 1 27 10 0 0 0 0 0 0 0 0 0 0 0 0 0
20161116 21:30:19.001 0 0 0 0 0 0 0 100 0 0 0 14 36 0 173 0 0.02 0.04 0.05 0 0 1024436 915340 109096 0 32428 669972 73144 69752 122892 461612 0 0 0 0 0 0 12 0 0 322912 0 0 46 0 0 0 0 11752 122 5 0 1 27 10 0 0 0 0 0 0 0 0 0 0 0 0 0
20161116 21:30:24.001 0 0 0 0 0 0 0 100 0 0 0 12 27 0 173 0 0.02 0.04 0.05 0 0 1024436 915340 109096 0 32428 669988 73152 69752 122896 461612 0 0 0 0 0 0 32 0 0 322912 0 0 0 0 0 0 0 11756 122 5 0 1 27 11 0 0 0 0 0 0 0 0 0 0 0 0 0
20161116 21:30:29.001 0 0 0 0 0 0 0 100 0 0 0 14 33 0 173 0 0.02 0.04 0.05 0 0 1024436 915340 109096 0 32436 669988 73156 69752 122896 461612 0 0 0 0 0 0 32 0 0 322920 0 2 45 0 0 0 0 11760 122 5 0 0 27 9 0 0 0 0 0 1 1 0 2 2 0 0 0
20161116 21:30:34.001 1 0 0 0 0 1 0 97 3 0 0 255 453 0 173 0 0.02 0.04 0.05 0 0 1024436 915276 109160 0 32436 669988 73152 69752 122900 461612 0 0 0 0 0 0 20 0 0 322920 0 2 0 0 0 0 0 11756 122 5 0 0 27 12 0 0 0 0 0 1 1 0 2 2 0 0 0
20161116 21:30:39.001 6 0 2 0 0 3 1 88 12 0 0 904 1538 0 173 0 0.01 0.04 0.05 0 0 1024436 915244 109192 0 32444 669988 73164 69752 122900 461612 0 0 0 0 0 0 24 0 0 322920 0 3 45 0 0 0 0 11768 122 5 0 1 27 14 0 0 0 0 0 1 1 0 3 3 0 0 0
20161116 21:30:44.001 8 0 1 0 0 4 1 86 14 0 0 974 1655 0 173 1 0.01 0.04 0.05 0 0 1024436 915308 109128 0 32444 669988 73168 69752 122900 461612 0 0 0 0 0 0 0 0 0 322920 0 5 0 0 0 0 0 11768 122 5 0 1 27 16 0 0 0 0 0 1 1 0 5 5 0 0 0
20161116 21:30:49.001 9 0 2 0 0 4 1 84 16 0 0 986 1778 0 173 0 0.01 0.03 0.05 0 0 1024436 915340 109096 0 32452 669988 73164 69752 122900 461612 0 0 0 0 0 0 12 0 0 322920 0 4 45 0 0 0 0 11764 122 5 0 1 27 15 0 0 0 0 0 1 1 0 4 4 0 0 0
20161116 21:30:54.001 9 0 2 0 0 4 1 85 15 0 0 922 1695 1 177 0 0.01 0.03 0.05 0 0 1024436 917900 106536 0 32460 669996 73304 69856 125116 465728 0 0 0 0 0 0 164 0 0 322920 0 4 254 0 0 0 0 11896 129 7 0 1 29 18 0 0 0 0 0 1 1 0 4 4 0 0 0
20161116 21:30:59.001 7 0 1 0 0 3 0 87 13 0 0 1052 1780 0 175 0 0.01 0.03 0.05 0 0 1024436 917144 107292 0 32468 669996 73400 69828 124028 465728 0 0 0 0 0 0 200 0 0 322920 0 43 65 0 0 0 0 11984 125 6 0 1 28 15 0 0 0 0 0 9 9 0 43 43 0 0 0
20161116 21:31:04.001 9 0 3 0 0 4 1 83 17 0 0 973 1737 0 173 1 0.01 0.03 0.05 0 0 1024436 915324 109112 0 32476 669984 73300 69768 122900 461612 0 0 0 0 0 0 212 0 0 322920 0 5 5 0 0 0 0 11888 122 5 0 1 27 17 0 0 0 0 0 1 1 0 5 5 0 0 0
20161116 21:31:09.001 8 0 1 0 0 3 0 87 13 0 0 996 1762 0 173 0 0.09 0.05 0.05 0 0 1024436 915508 108928 0 32476 669992 73248 69768 122904 461612 0 0 0 0 0 0 248 0 0 322920 0 0 47 0 0 0 0 11840 122 5 0 1 27 16 0 0 0 0 0 0 0 0 0 0 0 0 0
20161116 21:31:14.001 7 0 2 0 0 4 1 86 14 0 0 1033 1774 0 173 1 0.08 0.05 0.05 1 0 1024436 915308 109128 0 32484 669992 73216 69768 122904 461612 0 0 0 0 0 0 248 0 0 322920 0 3 0 0 0 0 0 11816 122 5 0 1 27 17 0 0 0 0 0 1 1 0 3 3 0 0 0
20161116 21:31:19.001 9 0 2 0 0 3 0 86 14 0 0 964 1703 0 173 1 0.08 0.05 0.05 1 0 1024436 915468 108968 0 32484 669992 73176 69768 122904 461612 0 0 0 0 0 0 248 0 0 322920 0 0 46 0 0 0 0 11784 122 5 0 1 27 15 0 0 0 0 0 0 0 0 0 0 0 0 0
20161116 21:31:24.001 7 0 2 0 0 4 0 87 13 0 0 962 1684 0 173 1 0.07 0.05 0.05 0 0 1024436 915500 108936 0 32484 670012 73164 69768 122904 461612 0 0 0 0 0 0 272 0 0 322920 0 0 0 0 0 0 0 11768 122 5 0 1 27 16 0 0 0 0 0 0 0 0 0 0 0 0 0
20161116 21:31:29.001 9 0 2 0 0 4 1 85 15 0 0 947 1632 0 173 0 0.06 0.05 0.05 0 0 1024436 915372 109064 0 32492 670012 73272 69768 122904 461612 0 0 0 0 0 0 72 0 0 322932 0 50 46 0 0 0 0 11868 122 5 0 1 27 15 0 0 0 0 0 11 11 0 50 50 0 0 0
20161116 21:31:34.001 7 0 2 0 0 4 0 86 14 0 0 993 1728 0 173 0 0.06 0.04 0.05 0 0 1024436 915436 109000 0 32492 670012 73252 69768 122904 461612 0 0 0 0 0 0 36 0 0 322932 0 7 0 0 0 0 0 11848 122 5 0 1 27 14 0 0 0 0 0 1 1 0 7 7 0 0 0
20161116 21:31:39.001 9 0 2 0 0 4 0 84 16 0 0 1140 1932 0 173 1 0.05 0.04 0.05 1 0 1024436 915404 109032 0 32492 670012 73220 69768 122904 461612 0 0 0 0 0 0 24 0 0 322932 0 2 46 0 0 0 0 11820 122 5 0 1 27 14 0 0 0 0 0 1 1 0 2 2 0 0 0
20161116 21:31:44.001 10 0 3 0 0 4 1 83 17 0 0 1117 1943 0 173 1 0.05 0.04 0.05 0 0 1024436 915436 109000 0 32496 670012 73208 69768 122904 461612 0 0 0 0 0 0 24 0 0 322932 0 1 0 0 0 0 0 11808 122 5 0 1 27 16 0 0 0 0 0 0 0 0 1 1 0 0 0
20161116 21:31:49.001 9 0 2 0 0 5 1 84 16 0 0 1011 1833 0 173 1 0.05 0.04 0.05 1 0 1024436 915408 109028 0 32496 670012 73196 69768 122908 461612 0 0 0 0 0 0 0 0 0 322932 0 5 45 0 0 0 0 11792 122 5 0 1 27 14 0 0 0 0 0 0 0 0 5 5 0 0 0
20161116 21:31:54.001 2 0 1 0 0 1 0 97 3 0 0 240 427 0 173 0 0.04 0.04 0.05 0 0 1024436 915440 108996 0 32504 670012 73176 69768 122916 461612 0 0 0 0 0 0 12 0 0 322932 0 4 0 0 0 0 0 11780 122 5 0 1 27 7 0 0 0 0 0 1 1 0 4 4 0 0 0
20161116 21:31:59.001 0 0 0 0 0 0 0 100 0 0 0 13 32 0 173 0 0.04 0.04 0.05 0 0 1024436 915404 109032 0 32504 670012 73152 69768 122916 461612 0 0 0 0 0 0 12 0 0 322932 0 0 45 0 0 0 0 11760 122 5 0 1 27 5 0 0 0 0 0 0 0 0 0 0 0 0 0
20161116 21:32:04.001 2 0 0 0 0 0 0 98 2 0 0 17 38 0 173 0 0.04 0.04 0.05 0 0 1024436 915404 109032 0 32504 670012 73152 69768 122916 461612 0 0 0 0 0 0 12 0 0 322932 0 0 0 0 0 0 0 11760 122 5 0 1 27 8 0 0 0 0 0 0 0 0 0 0 0 0 0
20161116 21:32:09.001 0 0 0 0 0 0 0 100 0 0 0 13 34 0 173 0 0.03 0.04 0.05 0 0 1024436 915404 109032 0 32504 670012 73156 69768 122916 461612 0 0 0 0 0 0 12 0 0 322932 0 0 45 0 0 0 0 11764 122 5 0 1 27 7 0 0 0 0 0 0 0 0 0 0 0 0 0
20161116 21:32:14.001 0 0 0 0 0 0 0 100 0 0 0 13 27 0 173 0 0.03 0.04 0.05 0 0 1024436 915404 109032 0 32504 670012 73156 69768 122916 461612 0 0 0 0 0 0 12 0 0 322932 0 0 0 0 0 0 0 11764 122 5 0 1 27 9 0 0 0 0 0 0 0 0 0 0 0 0 0
20161116 21:32:19.001 0 0 0 0 0 0 0 100 0 0 0 12 33 0 173 0 0.03 0.04 0.05 0 0 1024436 915404 109032 0 32504 670012 73144 69768 122916 461612 0 0 0 0 0 0 12 0 0 322932 0 0 45 0 0 0 0 11752 122 5 0 1 27 9 0 0 0 0 0 0 0 0 0 0 0 0 0
20161116 21:32:24.001 0 0 0 0 0 0 0 100 0 0 0 12 26 0 173 0 0.03 0.04 0.05 0 0 1024436 915404 109032 0 32504 670028 73168 69768 122916 461612 0 0 0 0 0 0 0 0 0 322936 0 6 0 0 0 0 0 11764 122 5 0 1 27 10 0 0 0 0 0 1 1 0 6 6 0 0 0
20161116 21:32:29.001 0 0 0 0 0 0 0 100 0 0 0 13 32 0 173 0 0.02 0.04 0.05 0 0 1024436 915404 109032 0 32512 670028 73164 69768 122916 461612 0 0 0 0 0 0 12 0 0 322936 0 4 46 0 0 0 0 11760 122 5 0 0 27 9 0 0 0 0 0 1 1 0 4 4 0 0 0
20161116 21:32:34.001 1 0 0 0 0 0 0 98 2 0 0 175 308 0 173 1 0.02 0.04 0.05 0 0 1024436 915340 109096 0 32512 670028 73160 69768 122916 461612 0 0 0 0 0 0 12 0 0 322936 0 0 0 0 0 0 0 11756 122 5 0 0 27 12 0 0 0 0 0 0 0 0 0 0 0 0 0
20161116 21:32:39.001 7 0 2 0 0 4 0 87 13 0 0 973 1647 0 173 0 0.02 0.04 0.05 0 0 1024436 915340 109096 0 32512 670028 73160 69768 122916 461612 0 0 0 0 0 0 12 0 0 322936 0 0 45 0 0 0 0 11768 122 5 0 1 27 14 0 0 0 0 0 0 0 0 0 0 0 0 0
20161116 21:32:44.001 8 0 2 0 0 3 1 87 13 0 0 944 1694 0 173 1 0.02 0.04 0.05 0 0 1024436 915468 108968 0 32512 670028 73156 69768 122916 461612 0 0 0 0 0 0 12 0 0 322936 0 0 0 0 0 0 0 11764 122 5 0 1 27 16 0 0 0 0 0 0 0 0 0 0 0 0 0
20161116 21:32:49.001 8 0 2 0 0 3 0 87 13 0 0 953 1741 1 177 0 0.02 0.04 0.05 0 0 1024436 917900 106536 0 32512 670036 73292 69860 125144 465712 0 0 0 0 0 0 188 0 0 322936 0 0 299 0 0 0 0 11888 128 7 0 1 29 17 0 0 0 0 0 0 0 0 0 0 0 0 0
20161116 21:32:54.001 10 0 2 0 0 4 1 84 16 0 0 853 1661 0 175 1 0.02 0.04 0.05 1 0 1024436 917000 107436 0 32520 670036 73284 69832 124040 465712 0 0 0 0 0 0 252 0 0 322936 0 5 12 0 0 0 0 11868 125 6 0 1 28 17 0 0 0 0 0 1 1 0 5 5 0 0 0
20161116 21:32:59.001 8 0 2 0 0 3 0 86 14 0 0 887 1771 0 173 0 0.01 0.04 0.05 0 0 1024436 915348 109088 0 32528 670032 73204 69780 122916 461612 0 0 0 0 0 0 248 0 0 322936 0 7 49 0 0 0 0 11792 122 5 0 1 27 16 0 0 0 0 0 2 2 0 7 7 0 0 0
20161116 21:33:04.001 8 0 2 0 0 4 0 85 15 0 0 929 1691 0 173 0 0.09 0.05 0.05 0 0 1024436 915404 109032 0 32528 670032 73196 69780 122916 461612 0 0 0 0 0 0 248 0 0 322936 0 0 0 0 0 0 0 11784 122 5 0 1 27 16 0 0 0 0 0 0 0 0 0 0 0 0 0
20161116 21:33:09.001 9 0 1 0 0 4 1 85 15 0 0 1023 1749 0 173 1 0.09 0.05 0.05 0 0 1024436 915308 109128 0 32528 670032 73284 69780 122916 461612 0 0 0 0 0 0 0 0 0 322936 0 49 45 0 0 0 0 11868 122 5 0 1 27 16 0 0 0 0 0 11 11 0 49 49 0 0 0
20161116 21:33:14.002 9 0 2 0 0 3 1 85 15 0 0 928 1665 0 173 1 0.16 0.07 0.06 0 0 1024436 915372 109064 0 32536 670032 73248 69780 122916 461612 0 0 0 0 0 0 16 0 0 322936 0 5 0 0 0 0 0 11836 122 5 0 1 27 16 0 0 0 0 0 1 1 0 5 5 0 0 0
20161116 21:33:19.001 8 0 2 0 0 4 0 86 14 0 0 947 1762 0 173 0 0.15 0.07 0.05 0 0 1024436 915592 108844 0 32536 670032 73200 69780 122920 461612 0 0 0 0 0 0 16 0 0 322936 0 0 46 0 0 0 0 11808 122 5 0 1 27 16 0 0 0 0 0 0 0 0 0 0 0 0 0
20161116 21:33:24.001 8 0 2 0 0 4 1 86 14 0 0 913 1757 0 173 0 0.13 0.06 0.05 0 0 1024436 915592 108844 0 32536 670052 73184 69780 122920 461612 0 0 0 0 0 0 40 0 0 322936 0 0 0 0 0 0 0 11788 122 5 0 1 27 16 0 0 0 0 0 0 0 0 0 0 0 0 0
20161116 21:33:29.001 7 0 2 0 0 5 1 84 16 0 0 870 1756 0 173 0 0.12 0.06 0.05 0 0 1024436 915504 108932 0 32544 670052 73172 69780 122920 461612 0 0 0 0 0 0 44 0 0 322948 0 2 45 0 0 0 0 11776 122 5 0 1 27 15 0 0 0 0 0 1 1 0 2 2 0 0 0
20161116 21:33:34.001 8 0 1 0 0 4 0 87 13 0 0 802 1579 0 173 1 0.11 0.06 0.05 1 0 1024436 915348 109088 0 32544 670052 73164 69780 122920 461612 0 0 0 0 0 0 44 0 0 322948 0 0 0 0 0 0 0 11768 122 5 0 1 27 15 0 0 0 0 0 0 0 0 0 0 0 0 0
20161116 21:33:39.001 8 0 2 0 0 5 1 84 16 0 0 978 1803 0 173 0 0.10 0.06 0.05 0 0 1024436 915412 109024 0 32544 670052 73160 69780 122924 461612 0 0 0 0 0 0 44 0 0 322948 0 0 45 0 0 0 0 11768 122 5 0 1 27 15 0 0 0 0 0 0 0 0 0 0 0 0 0
20161116 21:33:44.001 10 0 2 0 0 4 1 83 17 0 0 1029 1868 0 173 1 0.10 0.06 0.05 1 0 1024436 915444 108992 0 32544 670052 73160 69780 122928 461612 0 0 0 0 0 0 24 0 0 322948 0 4 0 0 0 0 0 11768 122 5 0 1 27 16 0 0 0 0 0 1 1 0 4 4 0 0 0
20161116 21:33:49.001 10 0 2 0 0 4 1 83 17 0 0 991 1916 0 173 0 0.17 0.08 0.06 0 0 1024436 915444 108992 0 32544 670052 73156 69780 122940 461612 0 0 0 0 0 0 24 0 0 322948 0 0 48 0 0 0 0 11764 122 5 0 1 27 16 0 0 0 0 0 0 0 0 0 0 0 0 0
20161116 21:33:54.001 9 0 2 0 0 4 0 84 16 0 0 988 1912 0 173 0 0.24 0.09 0.06 0 0 1024436 915444 108992 0 32544 670052 73172 69780 122940 461612 0 0 0 0 0 0 0 0 0 322948 0 5 5 0 0 0 0 11768 122 5 0 1 27 16 0 0 0 0 0 0 0 0 5 5 0 0 0
20161116 21:33:59.001 10 0 2 0 0 3 0 84 16 0 0 943 1938 0 173 1 0.22 0.09 0.06 1 0 1024436 915444 108992 0 32552 670052 73172 69780 122928 461612 0 0 0 0 0 0 12 0 0 322948 0 4 46 0 0 0 0 11768 122 5 0 1 27 16 0 0 0 0 0 1 1 0 4 4 0 0 0
20161116 21:34:04.001 10 0 2 0 0 4 1 83 17 0 0 907 1875 0 173 0 0.20 0.09 0.06 0 0 1024436 915508 108928 0 32552 670052 73172 69780 122940 461612 0 0 0 0 0 0 12 0 0 322948 0 0 1 0 0 0 0 11768 122 5 0 1 27 16 0 0 0 0 0 0 0 0 0 0 0 0 0
20161116 21:34:09.001 8 0 2 0 0 4 1 85 15 0 0 908 1886 0 173 0 0.18 0.09 0.06 0 0 1024436 915380 109056 0 32552 670052 73160 69780 122928 461612 0 0 0 0 0 0 12 0 0 322948 0 0 48 0 0 0 0 11768 122 5 0 1 27 16 0 0 0 0 0 0 0 0 0 0 0 0 0
20161116 21:34:14.001 1 0 0 0 0 0 0 99 1 0 0 62 126 0 173 0 0.17 0.09 0.06 0 0 1024436 915412 109024 0 32552 670052 73160 69780 122928 461612 0 0 0 0 0 0 12 0 0 322948 0 0 1 0 0 0 0 11768 122 5 0 1 27 6 0 0 0 0 0 0 0 0 0 0 0 0 0
20161116 21:34:19.001 0 0 0 0 0 0 0 100 0 0 0 14 36 0 173 0 0.15 0.08 0.06 0 0 1024436 915412 109024 0 32552 670052 73136 69780 122928 461612 0 0 0 0 0 0 12 0 0 322948 0 0 46 0 0 0 0 11744 122 5 0 1 27 7 0 0 0 0 0 0 0 0 0 0 0 0 0
20161116 21:34:24.001 0 0 0 0 0 0 0 100 0 0 0 11 23 0 173 0 0.14 0.08 0.06 0 0 1024436 915412 109024 0 32552 670068 73148 69780 122928 461612 0 0 0 0 0 0 32 0 0 322948 0 0 0 0 0 0 0 11752 122 5 0 1 27 7 0 0 0 0 0 0 0 0 0 0 0 0 0
20161116 21:34:29.001 0 0 0 0 0 0 0 100 0 0 0 17 39 0 173 0 0.13 0.08 0.06 0 0 1024436 915412 109024 0 32560 670068 73152 69780 122928 461612 0 0 0 0 0 0 20 0 0 322952 0 5 44 0 0 0 0 11756 122 5 0 0 27 8 0 0 0 0 0 1 1 0 5 5 0 0 0
20161116 21:34:34.001 0 0 0 0 0 0 0 100 0 0 0 13 26 0 173 0 0.12 0.08 0.06 0 0 1024436 915412 109024 0 32560 670068 73148 69780 122928 461612 0 0 0 0 0 0 20 0 0 322952 0 0 0 0 0 0 0 11752 122 5 0 0 27 8 0 0 0 0 0 0 0 0 0 0 0 0 0
20161116 21:34:39.001 1 0 0 0 0 0 0 99 1 0 0 28 68 1 177 0 0.11 0.08 0.06 0 0 1024436 917916 106520 0 32560 670076 73288 69900 125140 465712 0 0 0 0 0 0 160 0 0 322952 0 0 293 0 0 0 0 11884 130 7 0 1 29 9 0 0 0 0 0 0 0 0 0 0 0 0 0
20161116 21:34:44.001 0 0 0 0 0 0 0 100 0 0 0 19 42 0 177 0 0.10 0.08 0.06 0 0 1024436 918040 106396 0 32568 670080 73304 69904 125172 465712 0 0 0 0 0 0 224 0 0 322952 0 5 12 0 0 0 0 11884 128 7 0 1 29 9 0 0 0 0 0 1 1 0 5 5 0 0 0
20161116 21:34:49.001 0 0 0 0 0 0 0 100 0 0 0 18 48 0 173 0 0.09 0.08 0.06 0 0 1024436 915628 108808 0 32568 670072 73268 69788 122932 461612 0 0 0 0 0 0 260 0 0 322952 0 0 51 0 0 0 0 11848 122 5 0 1 27 6 0 0 0 0 0 0 0 0 0 0 0 0 0
20161116 21:34:54.001 0 0 0 0 0 0 0 100 0 0 0 15 31 0 173 0 0.09 0.07 0.06 0 0 1024436 915448 108988 0 32576 670072 73212 69788 122932 461612 0 0 0 0 0 0 240 0 0 322952 0 9 0 0 0 0 0 11792 122 5 0 1 27 6 0 0 0 0 0 1 1 0 9 9 0 0 0
20161116 21:34:59.001 0 0 0 0 0 0 0 100 0 0 0 15 35 0 173 0 0.08 0.07 0.06 0 0 1024436 915440 108996 0 32584 670064 73176 69788 122932 461612 0 0 0 0 0 0 240 0 0 322952 0 4 45 0 0 0 0 11768 122 5 0 1 27 3 0 0 0 0 0 1 1 0 4 4 0 0 0
20161116 21:35:04.001 1 0 0 0 0 0 0 99 1 0 0 14 33 0 173 0 0.07 0.07 0.06 0 0 1024436 915632 108804 0 32584 670072 73172 69788 122932 461612 0 0 0 0 0 0 252 0 0 322952 0 0 0 0 0 0 0 11764 122 5 0 1 27 4 0 0 0 0 0 0 0 0 0 0 0 0 0
20161116 21:35:09.002 0 0 0 0 0 0 0 100 0 0 0 16 37 0 173 0 0.07 0.07 0.05 0 0 1024436 915632 108804 0 32584 670072 73264 69788 122932 461612 0 0 0 0 0 0 36 0 0 322952 0 43 45 0 0 0 0 11856 122 5 0 1 27 3 0 0 0 0 0 9 9 0 43 43 0 0 0
20161116 21:35:14.001 0 0 0 0 0 0 0 100 0 0 0 13 27 0 173 0 0.06 0.07 0.05 0 0 1024436 915632 108804 0 32592 670072 73252 69788 122932 461612 0 0 0 0 0 0 20 0 0 322952 0 11 0 0 0 0 0 11848 122 5 0 1 27 6 0 0 0 0 0 3 3 0 11 11 0 0 0
20161116 21:35:19.001 0 0 0 0 0 0 0 100 0 0 0 13 35 0 173 0 0.06 0.07 0.05 0 0 1024436 915756 108680 0 32592 670072 73220 69788 122932 461612 0 0 0 0 0 0 20 0 0 322952 0 0 46 0 0 0 0 11816 122 5 0 1 27 6 0 0 0 0 0 0 0 0 0 0 0 0 0
20161116 21:35:24.001 0 0 0 0 0 0 0 100 0 0 0 12 27 0 173 0 0.05 0.07 0.05 0 0 1024436 915756 108680 0 32592 670092 73204 69788 122932 461612 0 0 0 0 0 0 44 0 0 322952 0 0 0 0 0 0 0 11804 122 5 0 1 27 9 0 0 0 0 0 0 0 0 0 0 0 0 0
20161116 21:35:29.001 0 0 0 0 0 0 0 99 0 0 0 14 35 0 173 0 0.05 0.07 0.05 0 0 1024436 915600 108836 0 32600 670092 73184 69788 122932 461612 0 0 0 0 0 0 48 0 0 322964 0 2 46 0 0 0 0 11792 122 5 0 1 27 8 0 0 0 0 0 1 1 0 2 2 0 0 0
20161116 21:35:34.001 0 0 0 0 0 0 0 100 0 0 0 15 32 0 173 0 0.04 0.07 0.05 0 0 1024436 915600 108836 0 32600 670092 73172 69788 122932 461612 0 0 0 0 0 0 48 0 0 322964 0 0 0 0 0 0 0 11780 122 5 0 1 27 9 0 0 0 0 0 0 0 0 0 0 0 0 0
20161116 21:35:39.001 0 0 0 0 0 0 0 100 0 0 0 14 36 0 173 0 0.04 0.06 0.05 0 0 1024436 915600 108836 0 32600 670092 73152 69788 122932 461612 0 0 0 0 0 0 48 0 0 322964 0 0 46 0 0 0 0 11760 122 5 0 1 27 8 0 0 0 0 0 0 0 0 0 0 0 0 0
20161116 21:35:44.001 1 0 0 0 0 0 0 99 1 0 0 26 50 0 173 0 0.04 0.06 0.05 0 0 1024436 915600 108836 0 32600 670092 73148 69788 122932 461612 0 0 0 0 0 0 24 0 0 322964 0 5 0 0 0 0 0 11756 122 5 0 1 27 8 0 0 0 0 0 1 1 0 5 5 0 0 0
20161116 21:35:49.001 0 0 0 0 0 0 0 100 0 0 0 14 34 0 173 0 0.03 0.06 0.05 0 0 1024436 915600 108836 0 32600 670092 73148 69788 122932 461612 0 0 0 0 0 0 24 0 0 322964 0 0 44 0 0 0 0 11756 122 5 0 1 27 5 0 0 0 0 0 0 0 0 0 0 0 0 0
20161116 21:35:54.001 0 0 0 0 0 0 0 100 0 0 0 14 30 0 173 0 0.03 0.06 0.05 0 0 1024436 915568 108868 0 32608 670092 73168 69788 122932 461612 0 0 0 0 0 0 4 0 0 322964 0 8 0 0 0 0 0 11764 122 5 0 1 27 5 0 0 0 0 0 1 1 0 8 8 0 0 0
20161116 21:35:59.001 0 0 0 0 0 0 0 100 0 0 0 13 33 0 173 0 0.03 0.06 0.05 0 0 1024436 915568 108868 0 32616 670084 73152 69788 122932 461612 0 0 0 0 0 0 4 0 0 322964 0 4 44 0 0 0 0 11748 122 5 0 1 27 3 0 0 0 0 0 1 1 0 4 4 0 0 0
20161116 21:36:04.001 1 0 0 0 0 0 0 99 1 0 0 16 37 0 173 0 0.03 0.06 0.05 0 0 1024436 915568 108868 0 32616 670092 73160 69788 122932 461612 0 0 0 0 0 0 16 0 0 322964 0 0 0 0 0 0 0 11756 122 5 0 1 27 5 0 0 0 0 0 0 0 0 0 0 0 0 0
20161116 21:36:09.001 0 0 0 0 0 0 0 100 0 0 0 15 35 0 173 0 0.02 0.06 0.05 0 0 1024436 915568 108868 0 32616 670092 73152 69788 122932 461612 0 0 0 0 0 0 16 0 0 322964 0 0 45 0 0 0 0 11760 122 5 0 1 27 3 0 0 0 0 0 0 0 0 0 0 0 0 0
20161116 21:36:14.001 0 0 0 0 0 0 0 100 0 0 0 11 24 0 173 0 0.02 0.06 0.05 0 0 1024436 915568 108868 0 32616 670092 73152 69788 122936 461612 0 0 0 0 0 0 16 0 0 322964 0 0 0 0 0 0 0 11760 122 5 0 1 27 6 0 0 0 0 0 0 0 0 0 0 0 0 0
20161116 21:36:19.001 0 0 0 0 0 0 0 99 1 0 0 24 60 1 177 0 0.02 0.06 0.05 0 0 1024436 918224 106212 0 32624 670100 73296 69860 125156 465712 0 0 0 0 0 0 184 0 0 322964 0 4 295 0 0 0 0 11888 129 7 0 1 29 7 0 0 0 0 0 1 1 0 4 4 0 0 0
20161116 21:36:24.001 0 0 0 0 0 0 0 100 0 0 0 26 61 0 173 0 0.02 0.06 0.05 0 0 1024436 915768 108668 0 32632 670108 73336 69796 122936 461612 0 0 0 0 0 0 172 0 0 322968 0 48 21 0 0 0 0 11916 122 5 0 1 27 9 0 0 0 0 0 10 10 0 48 48 0 0 0
20161116 21:36:29.001 0 0 0 0 0 0 0 100 0 0 0 15 35 0 173 0 0.02 0.05 0.05 0 0 1024436 915760 108676 0 32640 670108 73300 69796 122936 461612 0 0 0 0 0 0 192 0 0 322968 0 6 45 0 0 0 0 11880 122 5 0 0 27 8 0 0 0 0 0 1 1 0 6 6 0 0 0
20161116 21:36:34.001 0 0 0 0 0 0 0 100 0 0 0 14 30 0 173 0 0.02 0.05 0.05 0 0 1024436 915628 108808 0 32640 670108 73196 69796 122936 461612 0 0 0 0 0 0 192 0 0 322968 0 0 0 0 0 0 0 11784 122 5 0 0 27 9 0 0 0 0 0 0 0 0 0 0 0 0 0
20161116 21:36:39.001 0 0 0 0 0 0 0 100 0 0 0 13 35 0 173 0 0.02 0.05 0.05 0 0 1024436 915628 108808 0 32640 670108 73196 69796 122936 461612 0 0 0 0 0 0 192 0 0 322968 0 0 46 0 0 0 0 11796 122 5 0 1 27 8 0 0 0 0 0 0 0 0 0 0 0 0 0
20161116 21:36:44.001 0 0 0 0 0 0 0 100 0 0 0 14 27 0 173 0 0.01 0.05 0.05 0 0 1024436 915596 108840 0 32640 670108 73168 69796 122936 461612 0 0 0 0 0 0 192 0 0 322968 0 0 0 0 0 0 0 11768 122 5 0 1 27 8 0 0 0 0 0 0 0 0 0 0 0 0 0
20161116 21:36:49.001 0 0 0 0 0 0 0 100 0 0 0 17 38 0 173 0 0.01 0.05 0.05 0 0 1024436 915596 108840 0 32640 670108 73164 69796 122936 461612 0 0 0 0 0 0 188 0 0 322968 0 1 45 0 0 0 0 11764 122 5 0 1 27 5 0 0 0 0 0 0 0 0 1 1 0 0 0
20161116 21:36:54.001 0 0 0 0 0 0 0 100 0 0 0 15 31 0 173 0 0.01 0.05 0.05 0 0 1024436 915596 108840 0 32648 670108 73236 69796 122936 461612 0 0 0 0 0 0 16 0 0 322968 0 42 0 0 0 0 0 11832 122 5 0 1 27 6 0 0 0 0 0 8 8 0 42 42 0 0 0
20161116 21:36:59.001 0 0 0 0 0 0 0 100 0 0 0 13 34 0 173 0 0.01 0.05 0.05 0 0 1024436 915596 108840 0 32648 670108 73220 69796 122936 461612 0 0 0 0 0 0 16 0 0 322968 0 0 45 0 0 0 0 11816 122 5 0 1 27 4 0 0 0 0 0 0 0 0 0 0 0 0 0
20161116 21:37:04.001 1 0 0 0 0 0 0 98 2 0 0 16 37 0 173 0 0.01 0.05 0.05 0 0 1024436 915596 108840 0 32648 670108 73204 69796 122936 461612 0 0 0 0 0 0 16 0 0 322968 0 0 0 0 0 0 0 11808 122 5 0 1 27 5 0 0 0 0 0 0 0 0 0 0 0 0 0
20161116 21:37:09.001 0 0 0 0 0 0 0 100 0 0 0 13 32 0 173 0 0.01 0.05 0.05 0 0 1024436 915596 108840 0 32648 670108 73176 69796 122936 461612 0 0 0 0 0 0 16 0 0 322968 0 0 45 0 0 0 0 11784 122 5 0 1 27 3 0 0 0 0 0 0 0 0 0 0 0 0 0
20161116 21:37:14.001 0 0 0 0 0 0 0 100 0 0 0 12 25 0 173 0 0.01 0.05 0.05 0 0 1024436 915564 108872 0 32648 670108 73164 69796 122936 461612 0 0 0 0 0 0 16 0 0 322968 0 0 0 0 0 0 0 11772 122 5 0 1 27 6 0 0 0 0 0 0 0 0 0 0 0 0 0
20161116 21:37:19.001 0 0 0 0 0 0 0 100 0 0 0 13 35 0 173 0 0.01 0.04 0.05 0 0 1024436 915564 108872 0 32648 670108 73144 69796 122936 461612 0 0 0 0 0 0 16 0 0 322968 0 0 46 0 0 0 0 11752 122 5 0 1 27 9 0 0 0 0 0 0 0 0 0 0 0 0 0
20161116 21:37:24.001 0 0 0 0 0 0 0 100 0 0 0 12 26 0 173 0 0.01 0.04 0.05 0 0 1024436 915564 108872 0 32648 670128 73148 69796 122936 461612 0 0 0 0 0 0 24 0 0 322980 0 2 0 0 0 0 0 11752 122 5 0 1 27 9 0 0 0 0 0 1 1 0 2 2 0 0 0
20161116 21:37:29.001 0 0 0 0 0 0 0 100 0 0 0 15 36 0 173 0 0.01 0.04 0.05 0 0 1024436 915564 108872 0 32656 670128 73156 69796 122936 461612 0 0 0 0 0 0 28 0 0 322980 0 2 45 0 0 0 0 11760 122 5 0 1 27 8 0 0 0 0 0 1 1 0 2 2 0 0 0
20161116 21:37:34.001 0 0 0 0 0 0 0 100 0 0 0 14 30 0 173 0 0.01 0.04 0.05 0 0 1024436 915756 108680 0 32656 670128 73156 69796 122936 461612 0 0 0 0 0 0 28 0 0 322980 0 0 0 0 0 0 0 11760 122 5 0 1 27 9 0 0 0 0 0 0 0 0 0 0 0 0 0
20161116 21:37:39.001 0 0 0 0 0 0 0 100 0 0 0 16 39 0 173 0 0.01 0.04 0.05 0 0 1024436 915756 108680 0 32656 670128 73160 69796 122936 461612 0 0 0 0 0 0 28 0 0 322980 0 0 46 0 0 0 0 11768 122 5 0 1 27 8 0 0 0 0 0 0 0 0 0 0 0 0 0
20161116 21:37:44.001 1 0 0 0 0 0 0 99 1 0 0 24 48 0 173 0 0.01 0.04 0.05 0 0 1024436 915756 108680 0 32656 670128 73156 69796 122940 461612 0 0 0 0 0 0 28 0 0 322980 0 0 0 0 0 0 0 11764 122 5 0 1 27 8 0 0 0 0 0 0 0 0 0 0 0 0 0
20161116 21:37:49.001 0 0 0 0 0 0 0 100 0 0 0 16 35 0 173 0 0.00 0.04 0.05 0 0 1024436 915724 108712 0 32656 670128 73152 69796 122940 461612 0 0 0 0 0 0 28 0 0 322980 0 0 44 0 0 0 0 11760 122 5 0 1 27 5 0 0 0 0 0 0 0 0 0 0 0 0 0
20161116 21:37:54.001 0 0 0 0 0 0 0 100 0 0 0 18 26 0 173 0 0.00 0.04 0.05 0 0 1024436 915724 108712 0 32656 670128 73168 69796 122940 461612 0 0 0 0 0 0 4 0 0 322980 0 5 0 0 0 0 0 11764 122 5 0 1 27 6 0 0 0 0 0 0 0 0 5 5 0 0 0
20161116 21:37:59.001 0 0 0 0 0 0 0 100 0 0 0 21 39 0 173 0 0.00 0.04 0.05 0 0 1024436 915724 108712 0 32664 670120 73164 69796 122940 461612 0 0 0 0 0 0 0 0 0 322980 0 4 44 0 0 0 0 11760 122 5 0 1 27 5 0 0 0 0 0 1 1 0 4 4 0 0 0
20161116 21:38:04.001 2 0 0 0 0 0 0 98 2 0 0 20 33 0 173 0 0.00 0.04 0.05 0 0 1024436 915724 108712 0 32664 670128 73164 69796 122940 461612 0 0 0 0 0 0 12 0 0 322980 0 0 0 0 0 0 0 11760 122 5 0 1 27 5 0 0 0 0 0 0 0 0 0 0 0 0 0
20161116 21:38:09.001 1 0 0 0 0 0 0 99 1 0 0 29 55 1 177 0 0.00 0.04 0.05 0 0 1024436 917848 106588 0 32664 670136 73276 69892 124868 465712 0 0 0 0 0 0 140 0 0 322980 0 0 267 0 0 0 0 11876 129 7 0 1 29 8 0 0 0 0 0 0 0 0 0 0 0 0 0
20161116 21:38:14.001 0 0 0 0 0 0 0 100 0 0 0 24 45 0 177 0 0.00 0.04 0.05 0 0 1024436 918344 106092 0 32672 670132 73304 69932 125176 465712 0 0 0 0 0 0 188 0 0 322980 0 5 36 0 0 0 0 11888 128 7 0 1 29 6 0 0 0 0 0 1 1 0 5 5 0 0 0
20161116 21:38:19.001 0 0 0 0 0 0 0 100 0 0 0 25 53 0 173 0 0.00 0.04 0.05 0 0 1024436 915816 108620 0 32672 670136 73272 69800 122944 461612 0 0 0 0 0 0 248 0 0 322976 0 0 53 0 0 0 0 11856 122 5 0 1 27 9 0 0 0 0 0 0 0 0 0 0 0 0 0
20161116 21:38:24.001 0 0 0 0 0 0 0 100 0 0 0 19 30 0 173 0 0.00 0.04 0.05 0 0 1024436 915792 108644 0 32680 670152 73208 69800 122944 461612 0 0 0 0 0 0 268 0 0 322976 0 5 0 0 0 0 0 11796 122 5 0 1 27 9 0 0 0 0 0 1 1 0 5 5 0 0 0
20161116 21:38:29.001 0 0 0 0 0 0 0 100 0 0 0 21 40 0 173 0 0.00 0.04 0.05 0 0 1024436 915760 108676 0 32688 670152 73196 69800 122944 461612 0 0 0 0 0 0 268 0 0 322980 0 2 45 0 0 0 0 11784 122 5 0 0 27 10 0 0 0 0 0 1 1 0 2 2 0 0 0
20161116 21:38:34.003 0 0 0 0 0 0 0 100 0 0 0 17 26 0 173 0 0.00 0.04 0.05 0 0 1024436 915752 108684 0 32688 670152 73172 69800 122944 461612 0 0 0 0 0 0 240 0 0 322980 0 6 0 0 0 0 0 11764 122 5 0 0 27 9 0 0 0 0 0 1 1 0 6 6 0 0 0
20161116 21:38:39.001 0 0 0 0 0 0 0 100 0 0 0 20 39 0 173 0 0.00 0.04 0.05 0 0 1024436 915752 108684 0 32688 670152 73164 69800 122944 461612 0 0 0 0 0 0 240 0 0 322980 0 0 45 0 0 0 0 11764 122 5 0 1 27 8 0 0 0 0 0 0 0 0 0 0 0 0 0
20161116 21:38:44.001 0 0 0 0 0 0 0 100 0 0 0 20 28 0 173 0 0.00 0.04 0.05 0 0 1024436 915752 108684 0 32688 670152 73268 69800 122944 461612 0 0 0 0 0 0 24 0 0 322980 0 43 0 0 0 0 0 11856 122 5 0 1 27 8 0 0 0 0 0 9 9 0 43 43 0 0 0
20161116 21:38:49.001 0 0 0 0 0 0 0 100 0 0 0 22 40 0 173 0 0.00 0.04 0.05 0 0 1024436 915720 108716 0 32696 670152 73244 69800 122944 461612 0 0 0 0 0 0 44 0 0 322980 0 7 46 0 0 0 0 11832 122 5 0 1 27 6 0 0 0 0 0 2 2 0 7 7 0 0 0
20161116 21:38:54.001 0 0 0 0 0 0 0 100 0 0 0 14 26 0 173 0 0.00 0.04 0.05 0 0 1024436 915720 108716 0 32696 670152 73212 69800 122944 461612 0 0 0 0 0 0 44 0 0 322980 0 0 0 0 0 0 0 11808 122 5 0 1 27 7 0 0 0 0 0 0 0 0 0 0 0 0 0
20161116 21:38:59.001 0 0 0 0 0 0 0 100 0 0 0 14 35 0 173 0 0.00 0.03 0.05 0 0 1024436 915720 108716 0 32696 670152 73188 69800 122944 461612 0 0 0 0 0 0 0 0 0 322980 0 8 45 0 0 0 0 11784 122 5 0 1 27 5 0 0 0 0 0 1 1 0 8 8 0 0 0
20161116 21:39:04.001 1 0 0 0 0 0 0 99 1 0 0 14 32 0 173 0 0.00 0.03 0.05 0 0 1024436 915720 108716 0 32704 670152 73180 69800 122944 461612 0 0 0 0 0 0 12 0 0 322980 0 4 0 0 0 0 0 11776 122 5 0 1 27 5 0 0 0 0 0 1 1 0 4 4 0 0 0
20161116 21:39:09.001 0 0 0 0 0 0 0 100 0 0 0 13 33 0 173 0 0.00 0.03 0.05 0 0 1024436 915720 108716 0 32704 670152 73156 69800 122944 461612 0 0 0 0 0 0 12 0 0 322980 0 0 46 0 0 0 0 11764 122 5 0 1 27 6 0 0 0 0 0 0 0 0 0 0 0 0 0
20161116 21:39:14.001 0 0 0 0 0 0 0 100 0 0 0 10 22 0 173 0 0.00 0.03 0.05 0 0 1024436 915720 108716 0 32704 670152 73148 69800 122948 461612 0 0 0 0 0 0 12 0 0 322980 0 0 0 0 0 0 0 11756 122 5 0 1 27 6 0 0 0 0 0 0 0 0 0 0 0 0 0
20161116 21:39:19.001 0 0 0 0 0 0 0 100 0 0 0 15 38 0 173 0 0.00 0.03 0.05 0 0 1024436 915688 108748 0 32704 670152 73144 69800 122948 461612 0 0 0 0 0 0 12 0 0 322980 0 0 45 0 0 0 0 11752 122 5 0 1 27 9 0 0 0 0 0 0 0 0 0 0 0 0 0
20161116 21:39:24.001 0 0 0 0 0 0 0 100 0 0 0 11 25 0 173 0 0.00 0.03 0.05 0 0 1024436 915688 108748 0 32704 670168 73148 69800 122948 461612 0 0 0 0 0 0 32 0 0 322980 0 0 0 0 0 0 0 11752 122 5 0 1 27 9 0 0 0 0 0 0 0 0 0 0 0 0 0
20161116 21:39:29.001 0 0 0 0 0 0 0 100 0 0 0 15 38 0 173 0 0.00 0.03 0.05 0 0 1024436 915688 108748 0 32712 670168 73156 69800 122948 461612 0 0 0 0 0 0 32 0 0 322988 0 2 46 0 0 0 0 11760 122 5 0 1 27 10 0 0 0 0 0 1 1 0 2 2 0 0 0
20161116 21:39:34.001 0 0 0 0 0 0 0 100 0 0 0 13 26 0 173 0 0.00 0.03 0.05 0 0 1024436 915688 108748 0 32712 670168 73156 69800 122948 461612 0 0 0 0 0 0 20 0 0 322988 0 2 0 0 0 0 0 11760 122 5 0 1 27 9 0 0 0 0 0 1 1 0 2 2 0 0 0
20161116 21:39:39.001 0 0 0 0 0 0 0 100 0 0 0 18 46 1 173 0 0.00 0.03 0.05 0 0 1024436 915880 108556 0 32712 670168 73172 69800 122948 461612 0 0 0 0 0 0 24 0 0 322920 0 0 140 0 0 0 0 11776 122 5 0 1 27 8 0 0 0 0 0 0 0 0 0 0 0 0 0
20161116 21:39:44.001 0 0 0 0 0 0 0 100 0 0 0 13 28 0 173 0 0.00 0.03 0.05 0 0 1024436 915880 108556 0 32720 670168 73164 69800 122948 461612 0 0 0 0 0 0 28 0 0 322920 0 2 0 0 0 0 0 11768 122 5 0 1 27 8 0 0 0 0 0 1 1 0 2 2 0 0 0
20161116 21:39:49.001 0 0 0 0 0 0 0 100 0 0 0 27 59 0 173 0 0.00 0.03 0.05 0 0 1024436 915848 108588 0 32720 670168 73152 69800 122948 461612 0 0 0 0 0 0 28 0 0 322920 0 0 44 0 0 0 0 11760 122 5 0 1 27 6 0 0 0 0 0 0 0 0 0 0 0 0 0
20161116 21:39:54.001 0 0 0 0 0 0 0 100 0 0 0 12 26 0 173 0 0.00 0.03 0.05 0 0 1024436 915864 108572 0 32720 670168 73164 69800 122948 461612 0 0 0 0 0 0 8 0 0 322920 0 4 0 0 0 0 0 11760 122 5 0 1 27 7 0 0 0 0 0 0 0 0 4 4 0 0 0
20161116 21:39:59.001 0 0 0 0 0 0 0 100 0 0 0 15 36 0 173 0 0.00 0.03 0.05 0 0 1024436 915848 108588 0 32728 670168 73160 69800 122948 461612 0 0 0 0 0 0 20 0 0 322920 0 4 45 0 0 0 0 11756 122 5 0 1 27 5 0 0 0 0 0 1 1 0 4 4 0 0 0
20161116 21:40:04.002 2 0 1 0 0 0 0 97 3 0 0 33 78 1 177 0 0.00 0.03 0.05 0 0 1024436 919024 105412 0 32728 670176 73380 69872 125172 465712 0 0 0 0 0 0 224 0 0 322920 0 0 329 0 0 0 0 11940 128 7 0 1 29 8 0 0 0 0 0 0 0 0 0 0 0 0 0
20161116 21:40:09.001 1 0 0 0 0 0 0 99 1 0 0 24 58 0 173 0 0.00 0.03 0.05 0 0 1024436 915952 108484 0 32736 670172 73300 69812 122948 461612 0 0 0 0 0 0 284 0 0 322920 0 6 56 0 0 0 0 11852 122 5 0 1 27 6 0 0 0 0 0 1 1 0 6 6 0 0 0
20161116 21:40:14.001 0 0 0 0 0 0 0 100 0 0 0 13 28 0 173 0 0.00 0.03 0.05 0 0 1024436 915820 108616 0 32744 670172 73240 69812 122948 461612 0 0 0 0 0 0 268 0 0 322920 0 8 0 0 0 0 0 11804 122 5 0 1 27 9 0 0 0 0 0 2 2 0 8 8 0 0 0
20161116 21:40:19.001 0 0 0 0 0 0 0 100 0 0 0 14 36 0 173 0 0.00 0.03 0.05 0 0 1024436 915796 108640 0 32744 670172 73176 69812 122948 461612 0 0 0 0 0 0 268 0 0 322920 0 0 45 0 0 0 0 11760 122 5 0 1 27 9 0 0 0 0 0 0 0 0 0 0 0 0 0
20161116 21:40:24.001 0 0 0 0 0 0 0 100 0 0 0 13 30 0 173 0 0.00 0.03 0.05 0 0 1024436 915796 108640 0 32744 670192 73180 69812 122948 461612 0 0 0 0 0 0 292 0 0 322920 0 0 0 0 0 0 0 11760 122 5 0 1 27 11 0 0 0 0 0 0 0 0 0 0 0 0 0
20161116 21:40:29.001 0 0 0 0 0 0 0 100 0 0 0 12 32 0 173 0 0.00 0.03 0.05 0 0 1024436 915764 108672 0 32752 670192 73176 69812 122948 461612 0 0 0 0 0 0 296 0 0 322932 0 2 44 0 0 0 0 11764 122 5 0 0 27 10 0 0 0 0 0 1 1 0 2 2 0 0 0
20161116 21:40:34.001 0 0 0 0 0 0 0 100 0 0 0 15 31 0 173 0 0.00 0.03 0.05 0 0 1024436 915760 108676 0 32752 670192 73156 69812 122948 461612 0 0 0 0 0 0 296 0 0 322932 0 0 0 0 0 0 0 11752 122 5 0 0 27 9 0 0 0 0 0 0 0 0 0 0 0 0 0
