################################################################################
# Collectl:   V3.7.4-1  HiRes: 1  Options: -scmsd -i 5 -R 1200s -oDm -P -f/tmp 
# Host:       resource-cataloguer  DaemonOpts: 
# Booted:     1479330575.8 [20161116-21:09:35]
# Distro:     debian 8.6  Platform: Droplet
# Date:       20161116-212039  Secs: 1479331239 TZ: +0000
# SubSys:     cmsd Options: Dm Interval: 5 NumCPUs: 1  NumBud: 0 Flags: i
# Filters:    NfsFilt:  EnvFilt:  TcpFilt: ituc
# HZ:         100  Arch: x86_64-linux-gnu-thread-multi PageSize: 4096
# Cpu:        GenuineIntel Speed(MHz): 2399.998 Cores: 1  Siblings: 1 Nodes: 1
# Kernel:     3.16.0-4-amd64  Memory: 1024436 kB  Swap: 0 kB
# NumDisks:   1 DiskNames: vda
# NumNets:    6 NetNames: lo:?? veth05ea936:10000 eth1:?? veth9a79adf:10000 docker0:?? eth0:??
################################################################################
#Date Time [CPU]User% [CPU]Nice% [CPU]Sys% [CPU]Wait% [CPU]Irq% [CPU]Soft% [CPU]Steal% [CPU]Idle% [CPU]Totl% [CPU]Guest% [CPU]GuestN% [CPU]Intrpt/sec [CPU]Ctx/sec [CPU]Proc/sec [CPU]ProcQue [CPU]ProcRun [CPU]L-Avg1 [CPU]L-Avg5 [CPU]L-Avg15 [CPU]RunTot [CPU]BlkTot [MEM]Tot [MEM]Used [MEM]Free [MEM]Shared [MEM]Buf [MEM]Cached [MEM]Slab [MEM]Map [MEM]Anon [MEM]Commit [MEM]Locked [MEM]SwapTot [MEM]SwapUsed [MEM]SwapFree [MEM]SwapIn [MEM]SwapOut [MEM]Dirty [MEM]Clean [MEM]Laundry [MEM]Inactive [MEM]PageIn [MEM]PageOut [MEM]PageFaults [MEM]PageMajFaults [MEM]HugeTotal [MEM]HugeFree [MEM]HugeRsvd [MEM]SUnreclaim [SOCK]Used [SOCK]Tcp [SOCK]Orph [SOCK]Tw [SOCK]Alloc [SOCK]Mem [SOCK]Udp [SOCK]Raw [SOCK]Frag [SOCK]FragMem [DSK]ReadTot [DSK]WriteTot [DSK]OpsTot [DSK]ReadKBTot [DSK]WriteKBTot [DSK]KbTot [DSK]ReadMrgTot [DSK]WriteMrgTot [DSK]MrgTot
20161116 21:20:45.001 0 0 0 0 0 0 0 100 0 0 0 11 22 0 135 0 0.09 0.27 0.16 0 0 1024436 909620 114816 0 39472 556628 113680 98472 181928 745708 0 0 0 0 0 0 520 0 0 278548 0 18 4 0 0 0 0 14936 125 5 0 1 16 0 0 0 0 0 0 4 4 0 18 18 0 0 0
20161116 21:20:50.005 0 0 0 0 0 0 0 100 0 0 0 11 23 0 135 0 0.08 0.26 0.16 0 0 1024436 909596 114840 0 39472 556628 113612 98472 181948 745708 0 0 0 0 0 0 520 0 0 278548 0 0 13 0 0 0 0 14888 125 5 0 1 16 0 0 0 0 0 0 0 0 0 0 0 0 0 0
20161116 21:20:55.001 0 0 0 0 0 0 0 100 0 0 0 12 24 0 135 0 0.07 0.26 0.16 0 0 1024436 909596 114840 0 39472 556628 113632 98472 181964 745708 0 0 0 0 0 0 500 0 0 278548 0 4 0 0 0 0 0 14888 125 5 0 1 16 0 0 0 0 0 0 0 0 0 4 4 0 0 0
20161116 21:21:00.006 0 0 0 0 0 0 0 99 0 0 0 13 27 0 135 1 0.07 0.25 0.16 1 0 1024436 909596 114840 0 39480 556628 113628 98472 181964 745708 0 0 0 0 0 0 504 0 0 278548 0 4 0 0 0 0 0 14884 125 5 0 1 16 0 0 0 0 0 0 1 1 0 4 4 0 0 0
20161116 21:21:05.001 2 0 1 0 0 0 0 98 2 0 0 21 41 0 135 0 0.06 0.25 0.16 0 0 1024436 909712 114724 0 39480 556628 113740 98472 181972 745708 0 0 0 0 0 0 124 0 0 278548 0 82 101 0 0 0 0 14976 125 5 0 1 16 0 0 0 0 0 0 16 16 0 82 82 0 2 2
20161116 21:21:10.001 1 0 0 0 0 0 0 99 1 0 0 25 54 1 139 1 0.06 0.25 0.16 1 0 1024436 912228 112208 0 39488 556704 113876 98656 184172 749732 0 0 0 0 0 0 284 0 0 278616 14 11 250 0 0 0 0 15092 133 7 0 1 18 1 0 0 0 0 1 3 4 14 11 25 0 0 0
20161116 21:21:15.001 0 0 0 0 0 0 0 99 1 0 0 19 44 0 139 0 0.05 0.24 0.15 0 0 1024436 912476 111960 0 39496 556724 113900 98808 184216 749732 0 0 0 0 0 0 240 0 0 278636 4 33 13 0 0 0 0 15092 131 7 0 1 18 0 0 0 0 0 0 4 4 4 33 37 0 0 0
20161116 21:21:20.006 0 0 0 0 0 0 0 100 0 0 0 16 39 0 135 1 0.05 0.24 0.15 1 0 1024436 910000 114436 0 39504 556800 113812 98804 181976 749732 0 0 0 0 0 0 268 0 0 278692 18 5 8 0 0 0 0 15004 125 5 0 1 16 0 0 0 0 0 1 1 2 18 5 23 0 0 0
20161116 21:21:25.001 0 0 0 0 0 0 0 100 0 0 0 11 23 0 135 0 0.04 0.23 0.15 0 0 1024436 909976 114460 0 39504 556824 113716 98804 181976 749732 0 0 0 0 0 0 300 0 0 278736 0 0 0 0 0 0 0 14920 125 5 0 1 16 0 0 0 0 0 0 0 0 0 0 0 0 0 0
20161116 21:21:30.006 0 0 0 0 0 0 0 100 0 0 0 14 28 0 135 1 0.04 0.23 0.15 1 0 1024436 909972 114464 0 39512 556824 113764 98804 181984 749732 0 0 0 0 0 0 8 0 0 278736 0 65 0 0 0 0 0 14988 125 5 0 0 16 1 0 0 0 0 0 13 13 0 65 65 0 1 1
20161116 21:21:35.001 0 0 0 0 0 0 0 100 0 0 0 13 34 0 135 0 0.04 0.23 0.15 0 0 1024436 910092 114344 0 39520 556824 113748 98804 181984 749732 0 0 0 0 0 0 48 0 0 278736 0 14 99 0 0 0 0 14964 125 5 0 0 16 1 0 0 0 0 0 3 3 0 14 14 0 0 0
20161116 21:21:40.001 0 0 0 0 0 0 0 100 0 0 0 13 29 0 135 1 0.03 0.22 0.15 1 0 1024436 910092 114344 0 39528 556824 113708 98804 181984 749732 0 0 0 0 0 0 48 0 0 278736 0 8 0 0 0 0 0 14928 125 5 0 0 16 1 0 0 0 0 0 2 2 0 8 8 0 0 0
20161116 21:21:45.001 0 0 0 0 0 0 0 100 0 0 0 12 27 0 135 0 0.03 0.22 0.15 0 0 1024436 909984 114452 0 39528 556824 113668 98804 181984 749732 0 0 0 0 0 0 48 0 0 278736 0 0 0 0 0 0 0 14900 125 5 0 0 16 1 0 0 0 0 0 0 0 0 0 0 0 0 0
20161116 21:21:50.006 0 0 0 0 0 0 0 100 0 0 0 12 30 0 135 1 0.03 0.21 0.15 1 0 1024436 910088 114348 0 39528 556824 113632 98804 181984 749732 0 0 0 0 0 0 48 0 0 278736 0 0 0 0 0 0 0 14872 125 5 0 0 16 1 0 0 0 0 0 0 0 0 0 0 0 0 0
20161116 21:21:55.001 1 0 0 0 0 0 0 99 1 0 0 25 50 0 135 0 0.03 0.21 0.15 0 0 1024436 909964 114472 0 39528 556824 113636 98804 181988 749732 0 0 0 0 0 0 48 0 0 278736 0 0 0 0 0 0 0 14868 125 5 0 0 16 0 0 0 0 0 0 0 0 0 0 0 0 0 0
20161116 21:22:00.006 0 0 0 0 0 0 0 99 1 0 0 12 29 0 135 1 0.02 0.21 0.15 1 0 1024436 909964 114472 0 39528 556824 113636 98804 181988 749732 0 0 0 0 0 0 0 0 0 278736 0 10 0 0 0 0 0 14868 125 5 0 0 16 0 0 0 0 0 0 2 2 0 10 10 0 0 0
20161116 21:22:05.001 2 0 0 0 0 0 0 98 2 0 0 18 46 0 135 0 0.02 0.20 0.14 0 0 1024436 910088 114348 0 39528 556824 113692 98804 181988 749732 0 0 0 0 0 0 0 0 0 278736 0 6 101 0 0 0 0 14908 125 5 0 0 16 0 0 0 0 0 0 1 1 0 6 6 0 0 0
20161116 21:22:10.006 0 0 0 0 0 0 0 99 0 0 0 11 28 0 135 1 0.02 0.20 0.14 1 0 1024436 910088 114348 0 39536 556824 113648 98804 181988 749732 0 0 0 0 0 0 32 0 0 278736 0 8 0 0 0 0 0 14872 125 5 0 0 16 0 0 0 0 0 0 2 2 0 8 8 0 0 0
20161116 21:22:15.001 0 0 0 0 0 0 0 100 0 0 0 11 27 0 135 0 0.02 0.20 0.14 0 0 1024436 910088 114348 0 39536 556824 113640 98804 181992 749732 0 0 0 0 0 0 32 0 0 278736 0 0 0 0 0 0 0 14872 125 5 0 0 16 0 0 0 0 0 0 0 0 0 0 0 0 0 0
20161116 21:22:20.006 0 0 0 0 0 0 0 100 0 0 0 10 27 0 135 1 0.02 0.19 0.14 1 0 1024436 910088 114348 0 39536 556824 113632 98804 181996 749732 0 0 0 0 0 0 32 0 0 278736 0 0 0 0 0 0 0 14864 125 5 0 0 16 0 0 0 0 0 0 0 0 0 0 0 0 0 0
20161116 21:22:25.001 0 0 0 0 0 0 0 100 0 0 0 10 24 0 135 0 0.02 0.19 0.14 0 0 1024436 910088 114348 0 39536 556844 113644 98804 182000 749732 0 0 0 0 0 0 56 0 0 278736 0 0 0 0 0 0 0 14872 125 5 0 0 16 0 0 0 0 0 0 0 0 0 0 0 0 0 0
20161116 21:22:30.006 1 0 0 0 0 0 0 99 1 0 0 14 33 0 135 1 0.02 0.19 0.14 1 0 1024436 910088 114348 0 39544 556844 113636 98804 182000 749732 0 0 0 0 0 0 60 0 0 278748 0 2 0 0 0 0 0 14872 125 5 0 0 16 1 0 0 0 0 0 1 1 0 2 2 0 0 0
20161116 21:22:35.001 0 0 0 0 0 0 0 100 0 0 0 13 37 0 135 0 0.01 0.18 0.14 0 0 1024436 910088 114348 0 39544 556844 113672 98804 182004 749732 0 0 0 0 0 0 60 0 0 278748 0 5 99 0 0 0 0 14896 125 5 0 0 16 1 0 0 0 0 0 1 1 0 5 5 0 0 0
20161116 21:22:40.006 0 0 0 0 0 0 0 99 0 0 0 12 28 0 135 1 0.01 0.18 0.14 1 0 1024436 910088 114348 0 39552 556844 113652 98804 182008 749732 0 0 0 0 0 0 60 0 0 278748 0 8 1 0 0 0 0 14876 125 5 0 0 16 1 0 0 0 0 0 2 2 0 8 8 0 0 0
20161116 21:22:45.001 0 0 0 0 0 0 0 100 0 0 0 9 21 0 135 0 0.01 0.18 0.14 0 0 1024436 910088 114348 0 39552 556844 113660 98804 182008 749732 0 0 0 0 0 0 0 0 0 278748 0 12 0 0 0 0 0 14880 125 5 0 0 16 1 0 0 0 0 0 2 2 0 12 12 0 0 0
20161116 21:22:50.006 1 0 0 0 0 0 0 99 1 0 0 11 24 0 135 1 0.01 0.18 0.14 1 0 1024436 910088 114348 0 39560 556844 113628 98804 182008 749732 0 0 0 0 0 0 12 0 0 278748 0 4 0 0 0 0 0 14860 125 5 0 0 16 1 0 0 0 0 0 1 1 0 4 4 0 0 0
20161116 21:22:55.002 0 0 0 0 0 0 0 100 0 0 0 12 25 0 137 0 0.01 0.17 0.14 0 0 1024436 910856 113580 0 39560 556848 113700 98808 182792 749732 0 0 0 0 0 0 12 0 0 278748 0 0 92 0 0 0 0 14932 128 6 0 0 17 1 0 0 0 0 0 0 0 0 0 0 0 0 0
20161116 21:23:00.006 1 0 1 0 0 0 0 98 2 0 0 34 99 0 139 1 0.01 0.17 0.14 1 0 1024436 912912 111524 0 39568 556928 113816 99152 184248 749732 0 0 0 0 0 0 464 0 0 278816 14 6 167 0 0 0 0 15032 131 7 0 0 18 0 0 0 0 0 0 1 2 14 6 20 0 0 0
20161116 21:23:05.001 2 0 0 0 0 0 0 97 3 0 0 44 126 0 135 0 0.01 0.17 0.13 0 0 1024436 910408 114028 0 39592 557076 113796 99192 182032 748744 0 0 0 0 0 0 340 0 0 278812 31 151 116 0 0 0 0 14980 125 5 0 0 16 0 0 0 0 0 2 22 24 31 151 183 0 0 0
20161116 21:23:10.006 0 0 0 0 0 0 0 100 0 0 0 11 24 0 135 1 0.01 0.16 0.13 1 0 1024436 910400 114036 0 39592 557076 113744 99192 182032 748744 0 0 0 0 0 0 340 0 0 278812 0 0 0 0 0 0 0 14940 125 5 0 0 16 0 0 0 0 0 0 0 0 0 0 0 0 0 0
20161116 21:23:15.001 0 0 0 0 0 0 0 100 0 0 0 10 23 0 135 0 0.01 0.16 0.13 0 0 1024436 910400 114036 0 39592 557076 113684 99192 182032 748744 0 0 0 0 0 0 340 0 0 278812 0 0 0 0 0 0 0 14896 125 5 0 0 16 0 0 0 0 0 0 0 0 0 0 0 0 0 0
20161116 21:23:20.006 0 0 0 0 0 0 0 100 0 0 0 12 29 0 135 1 0.01 0.16 0.13 1 0 1024436 910396 114040 0 39592 557076 113660 99192 182032 748744 0 0 0 0 0 0 220 0 0 278812 0 24 0 0 0 0 0 14880 125 5 0 0 16 1 0 0 0 0 0 3 3 0 24 24 0 3 3
20161116 21:23:25.001 0 0 0 0 0 0 0 100 0 0 0 11 24 0 135 0 0.01 0.16 0.13 0 0 1024436 910396 114040 0 39592 557092 113656 99192 182056 748744 0 0 0 0 0 0 240 0 0 278812 0 0 1 0 0 0 0 14872 125 5 0 0 16 0 0 0 0 0 0 0 0 0 0 0 0 0 0
20161116 21:23:30.006 0 0 0 0 0 0 0 100 0 0 0 12 27 0 135 1 0.01 0.15 0.13 1 0 1024436 910396 114040 0 39600 557092 113636 99192 182060 748744 0 0 0 0 0 0 244 0 0 278816 0 2 0 0 0 0 0 14868 125 5 0 0 16 1 0 0 0 0 0 1 1 0 2 2 0 0 0
20161116 21:23:35.001 0 0 0 0 0 0 0 100 0 0 0 13 34 0 135 0 0.01 0.15 0.13 0 0 1024436 910396 114040 0 39604 557092 113792 99192 182060 748744 0 0 0 0 0 0 0 0 0 278816 0 53 99 0 0 0 0 15000 125 5 0 0 16 1 0 0 0 0 0 11 11 0 53 53 0 0 0
20161116 21:23:40.006 0 0 0 0 0 0 0 99 0 0 0 11 26 0 135 1 0.00 0.15 0.13 1 0 1024436 910396 114040 0 39612 557092 113740 99192 182064 748744 0 0 0 0 0 0 60 0 0 278816 0 14 0 0 0 0 0 14952 125 5 0 0 16 1 0 0 0 0 0 3 3 0 14 14 0 0 0
20161116 21:23:45.001 0 0 0 0 0 0 0 100 0 0 0 10 22 0 135 0 0.00 0.15 0.13 0 0 1024436 910396 114040 0 39612 557092 113708 99192 182064 748744 0 0 0 0 0 0 60 0 0 278816 0 0 0 0 0 0 0 14924 125 5 0 0 16 1 0 0 0 0 0 0 0 0 0 0 0 0 0
20161116 21:23:50.006 0 0 0 0 0 0 0 100 0 0 0 10 23 0 135 1 0.00 0.14 0.13 1 0 1024436 910396 114040 0 39612 557092 113660 99192 182068 748744 0 0 0 0 0 0 60 0 0 278816 0 0 0 0 0 0 0 14892 125 5 0 0 16 0 0 0 0 0 0 0 0 0 0 0 0 0 0
20161116 21:23:55.002 1 0 0 0 0 0 0 99 1 0 0 25 50 0 135 0 0.00 0.14 0.13 0 0 1024436 910396 114040 0 39612 557092 113656 99192 182068 748744 0 0 0 0 0 0 60 0 0 278816 0 0 0 0 0 0 0 14880 125 5 0 0 16 0 0 0 0 0 0 0 0 0 0 0 0 0 0
20161116 21:24:00.006 0 0 0 0 0 0 0 100 0 0 0 10 27 0 135 1 0.00 0.14 0.13 1 0 1024436 910396 114040 0 39612 557092 113644 99192 182068 748744 0 0 0 0 0 0 60 0 0 278816 0 0 0 0 0 0 0 14868 125 5 0 0 16 0 0 0 0 0 0 0 0 0 0 0 0 0 0
20161116 21:24:05.002 2 0 1 0 0 0 0 98 2 0 0 20 50 0 135 0 0.00 0.14 0.13 0 0 1024436 910424 114012 0 39612 557092 113696 99192 182072 748744 0 0 0 0 0 0 60 0 0 278816 0 6 101 0 0 0 0 14904 125 5 0 0 16 0 0 0 0 0 0 1 1 0 6 6 0 0 0
20161116 21:24:10.006 0 0 0 0 0 0 0 99 1 0 0 12 29 0 135 1 0.00 0.13 0.13 1 0 1024436 910420 114016 0 39620 557092 113676 99192 182072 748744 0 0 0 0 0 0 0 0 0 278816 0 20 0 0 0 0 0 14896 125 5 0 0 16 0 0 0 0 0 0 5 5 0 20 20 0 0 0
20161116 21:24:15.001 0 0 0 0 0 0 0 100 0 0 0 10 25 0 135 0 0.00 0.13 0.13 0 0 1024436 910420 114016 0 39620 557092 113644 99192 182076 748744 0 0 0 0 0 0 0 0 0 278816 0 0 0 0 0 0 0 14876 125 5 0 0 16 0 0 0 0 0 0 0 0 0 0 0 0 0 0
20161116 21:24:20.005 0 0 0 0 0 0 0 100 0 0 0 9 22 0 135 0 0.00 0.13 0.13 0 0 1024436 910420 114016 0 39620 557092 113644 99192 182076 748744 0 0 0 0 0 0 0 0 0 278816 0 0 0 0 0 0 0 14876 125 5 0 0 16 0 0 0 0 0 0 0 0 0 0 0 0 0 0
20161116 21:24:25.001 0 0 0 0 0 0 0 100 0 0 0 8 20 0 135 0 0.00 0.13 0.13 0 0 1024436 910420 114016 0 39620 557112 113652 99192 182076 748744 0 0 0 0 0 0 24 0 0 278816 0 0 0 0 0 0 0 14876 125 5 0 0 16 0 0 0 0 0 0 0 0 0 0 0 0 0 0
20161116 21:24:30.006 0 0 0 0 0 0 0 100 0 0 0 11 24 0 135 1 0.00 0.13 0.13 1 0 1024436 910420 114016 0 39628 557112 113640 99192 182080 748744 0 0 0 0 0 0 28 0 0 278828 0 2 0 0 0 0 0 14876 125 5 0 0 16 1 0 0 0 0 0 1 1 0 2 2 0 0 0
20161116 21:24:35.001 0 0 0 0 0 0 0 99 1 0 0 12 32 0 135 0 0.00 0.12 0.13 0 0 1024436 910536 113900 0 39628 557112 113680 99192 182080 748744 0 0 0 0 0 0 28 0 0 278828 0 5 99 0 0 0 0 14900 125 5 0 0 16 1 0 0 0 0 0 1 1 0 5 5 0 0 0
20161116 21:24:40.006 0 0 0 0 0 0 0 100 0 0 0 10 22 0 135 1 0.00 0.12 0.13 1 0 1024436 910536 113900 0 39636 557112 113660 99192 182084 748744 0 0 0 0 0 0 60 0 0 278828 0 8 0 0 0 0 0 14880 125 5 0 0 16 1 0 0 0 0 0 2 2 0 8 8 0 0 0
20161116 21:24:45.001 1 0 1 0 0 0 0 99 1 0 0 51 116 1 140 0 0.00 0.12 0.12 0 0 1024436 914908 109528 0 40796 557532 114112 99528 184256 752860 0 0 0 0 0 0 264 0 0 279224 313 0 442 1 0 0 0 15128 132 7 0 0 18 2 0 0 0 0 62 0 62 313 0 313 0 0 0
20161116 21:24:50.006 0 0 0 0 0 0 0 99 1 0 0 22 55 0 138 0 0.00 0.12 0.12 0 0 1024436 913992 110444 0 40808 557588 114080 99668 183236 752860 0 0 0 0 0 0 552 0 0 279280 18 54 19 0 0 0 0 15100 128 7 1 0 18 2 0 0 0 0 1 14 14 18 54 72 0 0 0
20161116 21:24:55.001 0 0 0 0 0 0 0 100 0 0 0 13 31 0 136 0 0.00 0.12 0.12 0 0 1024436 912420 112016 0 40816 557736 114008 99628 182088 748744 0 0 0 0 0 0 572 0 0 279436 0 12 5 0 0 0 0 15028 125 5 0 0 16 0 0 0 0 0 0 2 2 0 12 12 0 0 0
20161116 21:25:00.006 0 0 0 0 0 0 0 100 0 0 0 12 23 0 136 1 0.00 0.11 0.12 1 0 1024436 912412 112024 0 40816 557744 113948 99628 182092 748744 0 0 0 0 0 0 292 0 0 279436 0 57 0 0 0 0 0 14972 125 5 0 0 16 0 0 0 0 0 0 9 9 0 57 57 0 5 5
20161116 21:25:05.001 2 0 0 0 0 0 0 98 2 0 0 21 50 0 136 0 0.00 0.11 0.12 0 0 1024436 912520 111916 0 40816 557744 113920 99628 182096 748744 0 0 0 0 0 0 292 0 0 279436 0 6 101 0 0 0 0 14944 125 5 0 0 16 0 0 0 0 0 0 1 1 0 6 6 0 0 0
20161116 21:25:10.006 0 0 0 0 0 0 0 99 1 0 0 13 23 0 136 1 0.00 0.11 0.12 1 0 1024436 912520 111916 0 40824 557744 113864 99628 182100 748744 0 0 0 0 0 0 332 0 0 279436 0 10 0 0 0 0 0 14912 125 5 0 0 16 0 0 0 0 0 0 2 2 0 10 10 0 0 0
20161116 21:25:15.001 0 0 0 0 0 0 0 100 0 0 0 12 24 0 136 0 0.00 0.11 0.12 0 0 1024436 912412 112024 0 40824 557744 113852 99628 182100 748744 0 0 0 0 0 0 332 0 0 279436 0 0 0 0 0 0 0 14904 125 5 0 0 16 0 0 0 0 0 0 0 0 0 0 0 0 0 0
20161116 21:25:20.006 0 0 0 0 0 0 0 100 0 0 0 11 22 0 136 1 0.00 0.11 0.12 1 0 1024436 912520 111916 0 40824 557744 113948 99628 182100 748744 0 0 0 0 0 0 40 0 0 279436 0 58 0 0 0 0 0 14988 125 5 0 0 16 0 0 0 0 0 0 11 11 0 58 58 0 0 0
20161116 21:25:25.002 0 0 0 0 0 0 0 100 0 0 0 11 24 0 136 0 0.00 0.10 0.12 0 0 1024436 912520 111916 0 40832 557760 113932 99628 182104 748744 0 0 0 0 0 0 80 0 0 279436 0 6 0 0 0 0 0 14972 125 5 0 0 16 0 0 0 0 0 0 2 2 0 6 6 0 0 0
20161116 21:25:30.006 0 0 0 0 0 0 0 100 0 0 0 13 27 0 136 1 0.00 0.10 0.12 1 0 1024436 912520 111916 0 40840 557760 113876 99628 182108 748744 0 0 0 0 0 0 84 0 0 279440 0 3 1 0 0 0 0 14928 125 5 0 0 16 1 0 0 0 0 0 1 1 0 3 3 0 0 0
20161116 21:25:35.001 0 0 0 0 0 0 0 100 0 0 0 13 33 0 136 0 0.00 0.10 0.12 0 0 1024436 912520 111916 0 40840 557760 113908 99628 182108 748744 0 0 0 0 0 0 84 0 0 279440 0 5 99 0 0 0 0 14944 125 5 0 0 16 1 0 0 0 0 0 1 1 0 5 5 0 0 0
20161116 21:25:40.006 1 0 0 0 0 0 0 99 1 0 0 11 23 0 136 1 0.00 0.10 0.12 1 0 1024436 912520 111916 0 40848 557760 113880 99628 182108 748744 0 0 0 0 0 0 20 0 0 279440 0 22 0 0 0 0 0 14916 125 5 0 0 16 1 0 0 0 0 0 5 5 0 22 22 0 0 0
20161116 21:25:45.001 0 0 0 0 0 0 0 100 0 0 0 10 22 0 136 0 0.00 0.10 0.12 0 0 1024436 912520 111916 0 40848 557760 113856 99628 182108 748744 0 0 0 0 0 0 20 0 0 279440 0 0 0 0 0 0 0 14908 125 5 0 0 16 1 0 0 0 0 0 0 0 0 0 0 0 0 0
20161116 21:25:50.006 0 0 0 0 0 0 0 100 0 0 0 11 22 0 136 1 0.00 0.10 0.12 1 0 1024436 912520 111916 0 40848 557760 113836 99628 182112 748744 0 0 0 0 0 0 20 0 0 279440 0 0 0 0 0 0 0 14892 125 5 0 0 16 0 0 0 0 0 0 0 0 0 0 0 0 0 0
20161116 21:25:55.001 1 0 0 0 0 0 0 99 1 0 0 25 47 0 136 0 0.00 0.10 0.12 0 0 1024436 912520 111916 0 40848 557760 113860 99628 182116 748744 0 0 0 0 0 0 0 0 0 279440 0 4 0 0 0 0 0 14900 125 5 0 0 16 0 0 0 0 0 0 0 0 0 4 4 0 0 0
20161116 21:26:00.006 0 0 0 0 0 0 0 100 0 0 0 11 23 0 136 1 0.00 0.09 0.12 1 0 1024436 912520 111916 0 40856 557760 113856 99628 182116 748744 0 0 0 0 0 0 12 0 0 279440 0 4 0 0 0 0 0 14896 125 5 0 0 16 0 0 0 0 0 0 1 1 0 4 4 0 0 0
20161116 21:26:05.001 2 0 1 0 0 0 0 97 3 0 0 21 50 0 136 0 0.00 0.09 0.12 0 0 1024436 912520 111916 0 40856 557760 113892 99628 182116 748744 0 0 0 0 0 0 12 0 0 279440 0 6 101 0 0 0 0 14924 125 5 0 0 16 0 0 0 0 0 0 1 1 0 6 6 0 0 0
20161116 21:26:10.006 0 0 0 0 0 0 0 100 0 0 0 12 24 0 136 1 0.00 0.09 0.12 1 0 1024436 912488 111948 0 40864 557760 113852 99628 182120 748744 0 0 0 0 0 0 44 0 0 279440 0 9 1 0 0 0 0 14904 125 5 0 0 16 0 0 0 0 0 0 2 2 0 9 9 0 0 0
20161116 21:26:15.001 0 0 0 0 0 0 0 100 0 0 0 11 24 0 136 0 0.00 0.09 0.12 0 0 1024436 912488 111948 0 40864 557760 113848 99628 182124 748744 0 0 0 0 0 0 44 0 0 279440 0 0 0 0 0 0 0 14900 125 5 0 0 16 0 0 0 0 0 0 0 0 0 0 0 0 0 0
20161116 21:26:20.006 0 0 0 0 0 0 0 100 0 0 0 11 21 0 136 1 0.00 0.09 0.12 1 0 1024436 912488 111948 0 40864 557760 113840 99628 182124 748744 0 0 0 0 0 0 44 0 0 279440 0 0 0 0 0 0 0 14892 125 5 0 0 16 0 0 0 0 0 0 0 0 0 0 0 0 0 0
20161116 21:26:25.001 0 0 0 0 0 0 0 100 0 0 0 11 23 0 136 0 0.00 0.09 0.12 0 0 1024436 912488 111948 0 40864 557780 113848 99628 182124 748744 0 0 0 0 0 0 68 0 0 279440 0 0 0 0 0 0 0 14896 125 5 0 0 16 0 0 0 0 0 0 0 0 0 0 0 0 0 0
20161116 21:26:30.006 0 0 0 0 0 0 0 99 0 0 0 11 23 0 136 1 0.00 0.08 0.11 1 0 1024436 894132 130304 0 40872 557780 113836 99628 163672 748744 0 0 0 0 0 0 68 0 0 279452 0 2 0 0 0 0 0 14888 125 5 0 0 16 1 0 0 0 0 0 1 1 0 2 2 0 0 0
20161116 21:26:35.001 1 0 0 0 0 0 0 99 1 0 0 22 56 1 138 0 0.00 0.08 0.11 0 0 1024436 895304 129132 0 40880 557844 113936 99736 164792 748744 0 0 0 0 0 0 220 0 0 279508 12 18 231 0 0 0 0 14972 128 6 0 0 17 1 0 0 0 0 1 4 5 12 18 30 0 0 0
20161116 21:26:40.006 0 0 0 0 0 0 0 100 0 0 0 15 39 0 136 1 0.00 0.08 0.11 1 0 1024436 894428 130008 0 40888 557840 113908 99720 163680 748744 0 0 0 0 0 0 256 0 0 279508 0 5 9 0 0 0 0 14944 125 5 0 0 16 1 0 0 0 0 0 1 1 0 5 5 0 0 0
20161116 21:26:45.001 0 0 0 0 0 0 0 100 0 0 0 12 24 0 136 0 0.00 0.08 0.11 0 0 1024436 894428 130008 0 40896 557840 113972 99720 163680 748744 0 0 0 0 0 0 32 0 0 279508 0 55 0 0 0 0 0 15012 125 5 0 0 16 0 0 0 0 0 0 11 11 0 55 55 0 0 0
20161116 21:26:50.006 1 0 0 0 0 0 0 99 1 0 0 18 37 0 138 1 0.00 0.08 0.11 1 0 1024436 895576 128860 0 40896 557844 113984 99788 164784 748744 0 0 0 0 0 0 160 0 0 279508 0 0 128 0 0 0 0 15024 129 6 0 0 17 0 0 0 0 0 0 0 0 0 0 0 0 0 0
20161116 21:26:55.001 0 0 0 0 0 0 0 100 0 0 0 18 47 0 136 0 0.00 0.08 0.11 0 0 1024436 894460 129976 0 40904 557844 113976 99736 163684 748744 0 0 0 0 0 0 188 0 0 279508 0 5 12 0 0 0 0 15008 125 5 0 0 16 0 0 0 0 0 0 1 1 0 5 5 0 0 0
20161116 21:27:00.006 0 0 0 0 0 0 0 100 0 0 0 11 23 0 136 1 0.00 0.08 0.11 1 0 1024436 894420 130016 0 40912 557832 113916 99720 163688 748744 0 0 0 0 0 0 204 0 0 279508 0 5 0 0 0 0 0 14956 125 5 0 0 16 0 0 0 0 0 0 1 1 0 5 5 0 0 0
20161116 21:27:05.001 2 0 0 0 0 0 0 97 3 0 0 20 49 0 136 0 0.00 0.07 0.11 0 0 1024436 894388 130048 0 40912 557840 113924 99720 163688 748744 0 0 0 0 0 0 204 0 0 279508 0 6 101 0 0 0 0 14952 125 5 0 0 16 0 0 0 0 0 0 1 1 0 6 6 0 0 0
20161116 21:27:10.006 0 0 0 0 0 0 0 100 0 0 0 11 24 0 136 1 0.00 0.07 0.11 1 0 1024436 894388 130048 0 40920 557840 113864 99720 163688 748744 0 0 0 0 0 0 236 0 0 279508 0 10 0 0 0 0 0 14908 125 5 0 0 16 0 0 0 0 0 0 2 2 0 10 10 0 0 0
20161116 21:27:15.001 0 0 0 0 0 0 0 100 0 0 0 11 23 0 136 0 0.00 0.07 0.11 0 0 1024436 894388 130048 0 40920 557840 113848 99720 163688 748744 0 0 0 0 0 0 172 0 0 279508 0 13 0 0 0 0 0 14900 125 5 0 0 16 0 0 0 0 0 0 3 3 0 13 13 0 0 0
20161116 21:27:20.006 0 0 0 0 0 0 0 100 0 0 0 12 23 0 136 1 0.00 0.07 0.11 1 0 1024436 894388 130048 0 40920 557840 113928 99720 163692 748744 0 0 0 0 0 0 4 0 0 279508 0 34 0 0 0 0 0 14972 125 5 0 0 16 0 0 0 0 0 0 7 7 0 34 34 0 0 0
20161116 21:27:25.001 0 0 0 0 0 0 0 100 0 0 0 10 22 0 136 0 0.00 0.07 0.11 0 0 1024436 894388 130048 0 40928 557856 113928 99720 163696 748744 0 0 0 0 0 0 24 0 0 279512 0 3 0 0 0 0 0 14972 125 5 0 0 16 0 0 0 0 0 0 1 1 0 3 3 0 0 0
20161116 21:27:30.006 0 0 0 0 0 0 0 100 0 0 0 11 24 0 136 1 0.00 0.07 0.11 1 0 1024436 894388 130048 0 40928 557856 113884 99720 163696 748744 0 0 0 0 0 0 24 0 0 279512 0 0 0 0 0 0 0 14936 125 5 0 0 16 1 0 0 0 0 0 0 0 0 0 0 0 0 0
20161116 21:27:35.001 0 0 0 0 0 0 0 100 0 0 0 12 32 0 136 0 0.00 0.07 0.11 0 0 1024436 894388 130048 0 40928 557856 113904 99720 163696 748744 0 0 0 0 0 0 24 0 0 279512 0 5 99 0 0 0 0 14940 125 5 0 0 16 1 0 0 0 0 0 1 1 0 5 5 0 0 0
20161116 21:27:40.006 0 0 0 0 0 0 0 100 0 0 0 11 24 0 136 1 0.00 0.07 0.11 1 0 1024436 894388 130048 0 40936 557856 113876 99720 163696 748744 0 0 0 0 0 0 60 0 0 279512 0 9 0 0 0 0 0 14916 125 5 0 0 16 1 0 0 0 0 0 2 2 0 9 9 0 0 0
20161116 21:27:45.001 0 0 0 0 0 0 0 100 0 0 0 10 21 0 136 0 0.00 0.07 0.11 0 0 1024436 894388 130048 0 40936 557856 113856 99720 163700 748744 0 0 0 0 0 0 60 0 0 279512 0 0 0 0 0 0 0 14904 125 5 0 0 16 0 0 0 0 0 0 0 0 0 0 0 0 0 0
20161116 21:27:50.006 0 0 0 0 0 0 0 100 0 0 0 11 23 0 136 1 0.00 0.07 0.11 1 0 1024436 894388 130048 0 40936 557856 113832 99720 163700 748744 0 0 0 0 0 0 60 0 0 279512 0 0 0 0 0 0 0 14892 125 5 0 0 16 0 0 0 0 0 0 0 0 0 0 0 0 0 0
20161116 21:27:55.001 1 0 0 0 0 0 0 99 1 0 0 25 46 0 136 1 0.00 0.06 0.11 0 0 1024436 894388 130048 0 40936 557856 113856 99720 163700 748744 0 0 0 0 0 0 0 0 0 279512 0 10 0 0 0 0 0 14896 125 5 0 0 16 0 0 0 0 0 0 2 2 0 10 10 0 0 0
20161116 21:28:00.006 0 0 0 0 0 0 0 100 0 0 0 12 26 0 136 1 0.00 0.06 0.11 1 0 1024436 894388 130048 0 40944 557848 113856 99720 163700 748744 0 0 0 0 0 0 0 0 0 279512 0 4 0 0 0 0 0 14896 125 5 0 0 16 0 0 0 0 0 0 1 1 0 4 4 0 0 0
20161116 21:28:05.002 2 0 0 0 0 0 0 97 3 0 0 18 43 0 136 0 0.00 0.06 0.11 0 0 1024436 894388 130048 0 40944 557856 113888 99720 163700 748744 0 0 0 0 0 0 12 0 0 279512 0 6 101 0 0 0 0 14920 125 5 0 0 16 0 0 0 0 0 0 1 1 0 6 6 0 0 0
20161116 21:28:10.006 0 0 0 0 0 0 0 100 0 0 0 13 27 0 136 1 0.00 0.06 0.10 1 0 1024436 894388 130048 0 40952 557856 113848 99720 163708 748744 0 0 0 0 0 0 0 0 0 279512 0 19 1 0 0 0 0 14904 125 5 0 0 16 0 0 0 0 0 0 5 5 0 19 19 0 0 0
20161116 21:28:15.001 0 0 0 0 0 0 0 100 0 0 0 11 22 0 136 0 0.00 0.06 0.10 0 0 1024436 894388 130048 0 40952 557856 113848 99720 163708 748744 0 0 0 0 0 0 0 0 0 279512 0 0 0 0 0 0 0 14900 125 5 0 0 16 0 0 0 0 0 0 0 0 0 0 0 0 0 0
20161116 21:28:20.006 0 0 0 0 0 0 0 100 0 0 0 10 22 0 136 1 0.00 0.06 0.10 1 0 1024436 894388 130048 0 40952 557856 113840 99720 163708 748744 0 0 0 0 0 0 0 0 0 279512 0 0 0 0 0 0 0 14892 125 5 0 0 16 0 0 0 0 0 0 0 0 0 0 0 0 0 0
20161116 21:28:25.001 1 0 0 0 0 0 0 99 1 0 0 23 47 1 140 0 0.00 0.06 0.10 0 0 1024436 896964 127472 0 40952 557988 114000 99816 165924 752844 0 0 0 0 0 0 168 0 0 279580 20 0 249 0 0 0 0 15044 133 7 0 0 18 0 0 0 0 0 1 0 1 20 0 20 0 0 0
20161116 21:28:30.006 0 0 0 0 0 0 0 100 0 0 0 18 46 0 140 1 0.00 0.06 0.10 1 0 1024436 897056 127380 0 40960 557988 114008 99820 165964 752844 0 0 0 0 0 0 224 0 0 279624 0 5 12 0 0 0 0 15044 131 7 0 0 18 1 0 0 0 0 0 1 1 0 5 5 0 0 0
20161116 21:28:35.001 0 0 0 0 0 0 0 100 0 0 0 15 40 0 136 0 0.00 0.06 0.10 0 0 1024436 894580 129856 0 40968 557984 113956 99808 163716 748744 0 0 0 0 0 0 308 0 0 279628 0 14 10 0 0 0 0 14968 125 5 0 0 16 1 0 0 0 0 0 3 3 0 14 14 0 0 0
20161116 21:28:40.006 0 0 0 0 0 0 0 99 0 0 0 15 27 0 136 1 0.00 0.06 0.10 1 0 1024436 894572 129864 0 40976 557984 113900 99808 163716 748744 0 0 0 0 0 0 312 0 0 279628 0 5 0 0 0 0 0 14924 125 5 0 0 16 0 0 0 0 0 0 1 1 0 5 5 0 0 0
20161116 21:28:45.001 0 0 0 0 0 0 0 100 0 0 0 10 22 0 136 0 0.00 0.05 0.10 0 0 1024436 894572 129864 0 40976 557984 113876 99808 163716 748744 0 0 0 0 0 0 312 0 0 279628 0 0 0 0 0 0 0 14916 125 5 0 0 16 0 0 0 0 0 0 0 0 0 0 0 0 0 0
20161116 21:28:50.006 0 0 0 0 0 0 0 100 0 0 0 13 27 0 136 1 0.00 0.05 0.10 1 0 1024436 894448 129988 0 40976 557984 113848 99808 163716 748744 0 0 0 0 0 0 312 0 0 279628 0 0 0 0 0 0 0 14896 125 5 0 0 16 0 0 0 0 0 0 0 0 0 0 0 0 0 0
20161116 21:28:55.001 0 0 0 0 0 0 0 100 0 0 0 11 25 0 136 0 0.00 0.05 0.10 0 0 1024436 894572 129864 0 40976 557984 113856 99808 163724 748744 0 0 0 0 0 0 288 0 0 279628 0 5 0 0 0 0 0 14892 125 5 0 0 16 0 0 0 0 0 0 0 0 0 5 5 0 0 0
20161116 21:29:00.006 0 0 0 0 0 0 0 99 1 0 0 12 24 0 136 1 0.00 0.05 0.10 1 0 1024436 894572 129864 0 40984 557984 113936 99808 163724 748744 0 0 0 0 0 0 72 0 0 279628 0 51 0 0 0 0 0 14980 125 5 0 0 16 0 0 0 0 0 0 10 10 0 51 51 0 0 0
20161116 21:29:05.001 2 0 0 0 0 0 0 97 3 0 0 19 45 0 136 0 0.00 0.05 0.10 0 0 1024436 894572 129864 0 40984 557984 113928 99808 163724 748744 0 0 0 0 0 0 0 0 0 279624 0 18 99 0 0 0 0 14960 125 5 0 0 16 0 0 0 0 0 0 4 4 0 18 18 0 0 0
20161116 21:29:10.006 0 0 0 0 0 0 0 100 0 0 0 13 26 0 136 1 0.00 0.05 0.10 1 0 1024436 894572 129864 0 40992 557984 113900 99808 163724 748744 0 0 0 0 0 0 52 0 0 279624 0 12 0 0 0 0 0 14948 125 5 0 0 16 0 0 0 0 0 0 3 3 0 12 12 0 0 0
20161116 21:29:15.001 0 0 0 0 0 0 0 100 0 0 0 10 22 0 136 0 0.00 0.05 0.10 0 0 1024436 894572 129864 0 40992 557984 113876 99808 163724 748744 0 0 0 0 0 0 52 0 0 279624 0 0 0 0 0 0 0 14928 125 5 0 0 16 0 0 0 0 0 0 0 0 0 0 0 0 0 0
20161116 21:29:20.006 0 0 0 0 0 0 0 100 0 0 0 11 22 0 136 0 0.00 0.05 0.10 0 0 1024436 894572 129864 0 40992 557984 113852 99808 163728 748744 0 0 0 0 0 0 0 0 0 279624 0 10 0 0 0 0 0 14904 125 5 0 0 16 0 0 0 0 0 0 2 2 0 10 10 0 0 0
20161116 21:29:25.001 0 0 0 0 0 0 0 100 0 0 0 9 20 0 136 0 0.00 0.05 0.10 0 0 1024436 894572 129864 0 40992 558000 113844 99808 163728 748744 0 0 0 0 0 0 20 0 0 279624 0 0 0 0 0 0 0 14892 125 5 0 0 16 0 0 0 0 0 0 0 0 0 0 0 0 0 0
20161116 21:29:30.005 0 0 0 0 0 0 0 100 0 0 0 11 24 0 136 0 0.00 0.05 0.10 0 0 1024436 894572 129864 0 41000 558000 113836 99808 163728 748744 0 0 0 0 0 0 24 0 0 279628 0 2 0 0 0 0 0 14892 125 5 0 0 16 1 0 0 0 0 0 1 1 0 2 2 0 0 0
20161116 21:29:35.001 0 0 0 0 0 0 0 100 0 0 0 12 31 0 136 0 0.00 0.04 0.10 0 0 1024436 894572 129864 0 41000 558000 113876 99808 163732 748744 0 0 0 0 0 0 24 0 0 279628 0 6 101 0 0 0 0 14916 125 5 0 0 16 1 0 0 0 0 0 1 1 0 6 6 0 0 0
20161116 21:29:40.006 1 0 0 0 0 0 0 99 1 0 0 13 25 0 136 1 0.00 0.04 0.10 1 0 1024436 894572 129864 0 41008 558000 113860 99808 163740 748744 0 0 0 0 0 0 60 0 0 279628 0 9 0 0 0 0 0 14900 125 5 0 0 16 0 0 0 0 0 0 2 2 0 9 9 0 0 0
20161116 21:29:45.001 0 0 0 0 0 0 0 100 0 0 0 11 23 0 135 0 0.00 0.04 0.10 0 0 1024436 894572 129864 0 41008 558000 113848 99808 163740 748744 0 0 0 0 0 0 60 0 0 279628 0 0 0 0 0 0 0 14900 125 5 0 0 16 0 0 0 0 0 0 0 0 0 0 0 0 0 0
20161116 21:29:50.006 0 0 0 0 0 0 0 100 0 0 0 12 25 0 135 1 0.00 0.04 0.10 1 0 1024436 894556 129880 0 41008 558000 113832 99808 163740 748744 0 0 0 0 0 0 60 0 0 279628 0 0 0 0 0 0 0 14892 125 5 0 0 16 0 0 0 0 0 0 0 0 0 0 0 0 0 0
20161116 21:29:55.001 1 0 0 0 0 0 0 99 1 0 0 24 46 0 135 0 0.00 0.04 0.09 0 0 1024436 894556 129880 0 41008 558000 113844 99808 163740 748744 0 0 0 0 0 0 40 0 0 279628 0 4 0 0 0 0 0 14888 125 5 0 0 16 0 0 0 0 0 0 0 0 0 4 4 0 0 0
20161116 21:30:00.006 0 0 0 0 0 0 0 100 0 0 0 12 24 0 135 1 0.00 0.04 0.09 1 0 1024436 894556 129880 0 41016 558000 113844 99808 163744 748744 0 0 0 0 0 0 44 0 0 279628 0 4 0 0 0 0 0 14888 125 5 0 0 16 0 0 0 0 0 0 1 1 0 4 4 0 0 0
20161116 21:30:05.002 1 0 0 0 0 0 0 98 2 0 0 16 38 0 135 0 0.00 0.04 0.09 0 0 1024436 894556 129880 0 41016 558000 113880 99808 163748 748744 0 0 0 0 0 0 0 0 0 279628 0 14 100 0 0 0 0 14920 125 5 0 0 16 0 0 0 0 0 0 3 3 0 14 14 0 0 0
20161116 21:30:10.001 0 0 0 0 0 0 0 100 0 0 0 16 32 0 137 1 0.00 0.04 0.09 1 0 1024436 895248 129188 0 41024 558004 113896 99872 164568 748744 0 0 0 0 0 0 40 0 0 279628 0 10 95 0 0 0 0 14948 128 6 0 0 17 1 0 0 0 0 0 2 2 0 10 10 0 0 0
20161116 21:30:15.001 1 0 0 0 0 0 0 99 1 0 0 18 43 0 137 0 0.00 0.04 0.09 0 0 1024436 895496 128940 0 41024 558004 113908 99916 164868 748744 0 0 0 0 0 0 192 0 0 279628 0 0 38 0 0 0 0 14960 128 6 0 0 17 0 0 0 0 0 0 0 0 0 0 0 0 0 0
20161116 21:30:20.001 0 0 0 0 0 0 0 99 1 0 0 19 43 0 137 1 0.00 0.04 0.09 1 0 1024436 895900 128536 0 41032 558004 113956 99920 164856 752860 0 0 0 0 0 0 240 0 0 279628 0 5 124 0 0 0 0 15008 129 6 0 0 17 0 0 0 0 0 0 1 1 0 5 5 0 0 0
20161116 21:30:25.001 0 0 0 0 0 0 0 99 1 0 0 17 40 0 135 0 0.00 0.04 0.09 0 0 1024436 894628 129808 0 41040 558024 113920 99912 163756 748744 0 0 0 0 0 0 280 0 0 279640 0 6 11 0 0 0 0 14960 125 6 1 0 17 1 0 0 0 0 0 1 1 0 6 6 0 0 0
20161116 21:30:30.006 0 0 0 0 0 0 0 100 0 0 0 12 24 0 135 1 0.00 0.04 0.09 1 0 1024436 894616 129820 0 41048 558020 113888 99916 163756 748744 0 0 0 0 0 0 292 0 0 279640 0 5 0 0 0 0 0 14936 125 5 0 0 16 1 0 0 0 0 0 1 1 0 5 5 0 0 0
20161116 21:30:35.001 0 0 0 0 0 0 0 99 1 0 0 14 36 0 135 0 0.00 0.04 0.09 0 0 1024436 894616 129820 0 41048 558020 113876 99916 163756 748744 0 0 0 0 0 0 292 0 0 279640 0 6 101 0 0 0 0 14912 125 5 0 0 16 1 0 0 0 0 0 1 1 0 6 6 0 0 0
20161116 21:30:40.006 0 0 0 0 0 0 0 100 0 0 0 13 26 0 135 1 0.00 0.04 0.09 1 0 1024436 894616 129820 0 41056 558020 113860 99916 163756 748744 0 0 0 0 0 0 292 0 0 279640 0 10 0 0 0 0 0 14900 125 5 0 0 16 0 0 0 0 0 0 2 2 0 10 10 0 0 0
20161116 21:30:45.001 0 0 0 0 0 0 0 100 0 0 0 11 23 0 135 0 0.00 0.04 0.09 0 0 1024436 894508 129928 0 41056 558020 113840 99916 163756 748744 0 0 0 0 0 0 236 0 0 279640 0 11 0 0 0 0 0 14896 125 5 0 0 16 0 0 0 0 0 0 2 2 0 11 11 0 0 0
20161116 21:30:50.006 0 0 0 0 0 0 0 100 0 0 0 14 26 0 135 1 0.00 0.04 0.09 1 0 1024436 894616 129820 0 41056 558020 113936 99916 163760 748744 0 0 0 0 0 0 24 0 0 279640 0 42 1 0 0 0 0 14988 125 5 0 0 16 0 0 0 0 0 0 9 9 0 42 42 0 0 0
20161116 21:30:55.001 0 0 0 0 0 0 0 100 0 0 0 10 22 0 135 0 0.00 0.04 0.09 0 0 1024436 894616 129820 0 41064 558020 113924 99916 163760 748744 0 0 0 0 0 0 16 0 0 279640 0 10 0 0 0 0 0 14968 125 5 0 0 16 0 0 0 0 0 0 2 2 0 10 10 0 0 0
20161116 21:31:00.006 0 0 0 0 0 0 0 100 0 0 0 11 23 0 135 1 0.00 0.04 0.09 1 0 1024436 894616 129820 0 41064 558020 113888 99916 163760 748744 0 0 0 0 0 0 16 0 0 279640 0 0 0 0 0 0 0 14932 125 5 0 0 16 0 0 0 0 0 0 0 0 0 0 0 0 0 0
20161116 21:31:05.001 1 0 0 0 0 0 0 99 1 0 0 15 38 0 135 0 0.00 0.04 0.09 0 0 1024436 894616 129820 0 41064 558020 113924 99916 163764 748744 0 0 0 0 0 0 16 0 0 279640 0 5 100 0 0 0 0 14964 125 5 0 0 16 0 0 0 0 0 0 1 1 0 5 5 0 0 0
20161116 21:31:10.006 0 0 0 0 0 0 0 100 0 0 0 11 23 0 135 1 0.00 0.04 0.09 1 0 1024436 894616 129820 0 41072 558020 113876 99916 163764 748744 0 0 0 0 0 0 48 0 0 279640 0 9 0 0 0 0 0 14924 125 5 0 0 16 0 0 0 0 0 0 2 2 0 9 9 0 0 0
20161116 21:31:15.001 0 0 0 0 0 0 0 100 0 0 0 9 21 0 135 0 0.00 0.03 0.09 0 0 1024436 894616 129820 0 41072 558020 113852 99916 163768 748744 0 0 0 0 0 0 48 0 0 279640 0 0 0 0 0 0 0 14908 125 5 0 0 16 0 0 0 0 0 0 0 0 0 0 0 0 0 0
20161116 21:31:20.006 0 0 0 0 0 0 0 100 0 0 0 10 23 0 135 1 0.00 0.03 0.09 1 0 1024436 894616 129820 0 41072 558020 113836 99916 163768 748744 0 0 0 0 0 0 48 0 0 279640 0 0 0 0 0 0 0 14892 125 5 0 0 16 0 0 0 0 0 0 0 0 0 0 0 0 0 0
20161116 21:31:25.001 0 0 0 0 0 0 0 100 0 0 0 10 21 0 135 0 0.00 0.03 0.09 0 0 1024436 894616 129820 0 41072 558036 113840 99916 163772 748744 0 0 0 0 0 0 20 0 0 279644 0 9 0 0 0 0 0 14892 125 5 0 0 16 0 0 0 0 0 0 2 2 0 9 9 0 0 0
20161116 21:31:30.006 0 0 0 0 0 0 0 100 0 0 0 11 25 0 135 1 0.00 0.03 0.09 1 0 1024436 894584 129852 0 41080 558036 113836 99916 163772 748744 0 0 0 0 0 0 24 0 0 279644 0 2 0 0 0 0 0 14892 125 5 0 0 16 1 0 0 0 0 0 1 1 0 2 2 0 0 0
20161116 21:31:35.001 0 0 0 0 0 0 0 100 0 0 0 14 34 0 135 0 0.00 0.03 0.08 0 0 1024436 894584 129852 0 41088 558036 113876 99916 163772 748744 0 0 0 0 0 0 68 0 0 279644 0 18 101 0 0 0 0 14916 125 5 0 0 16 0 0 0 0 0 0 4 4 0 18 18 0 0 0
20161116 21:31:40.006 0 0 0 0 0 0 0 100 0 0 0 11 22 0 135 1 0.00 0.03 0.08 1 0 1024436 894776 129660 0 41088 558036 113864 99916 163776 748744 0 0 0 0 0 0 68 0 0 279644 0 0 0 0 0 0 0 14908 125 5 0 0 16 0 0 0 0 0 0 0 0 0 0 0 0 0 0
20161116 21:31:45.001 0 0 0 0 0 0 0 100 0 0 0 10 21 0 135 0 0.00 0.03 0.08 0 0 1024436 894776 129660 0 41088 558036 113864 99916 163776 748744 0 0 0 0 0 0 0 0 0 279644 0 12 0 0 0 0 0 14908 125 5 0 0 16 0 0 0 0 0 0 2 2 0 12 12 0 0 0
20161116 21:31:50.006 0 0 0 0 0 0 0 100 0 0 0 11 24 0 135 0 0.00 0.03 0.08 0 0 1024436 894776 129660 0 41096 558036 113828 99916 163776 748744 0 0 0 0 0 0 12 0 0 279644 0 4 0 0 0 0 0 14884 125 5 0 0 16 0 0 0 0 0 0 1 1 0 4 4 0 0 0
20161116 21:31:55.001 0 0 0 0 0 0 0 100 0 0 0 10 22 0 135 0 0.00 0.03 0.08 0 0 1024436 894776 129660 0 41096 558036 113828 99916 163776 748744 0 0 0 0 0 0 12 0 0 279644 0 0 0 0 0 0 0 14884 125 5 0 0 16 0 0 0 0 0 0 0 0 0 0 0 0 0 0
20161116 21:32:00.001 1 0 0 0 0 0 0 99 1 0 0 26 49 0 137 1 0.00 0.03 0.08 1 0 1024436 895368 129068 0 41096 558036 113872 99968 164560 748744 0 0 0 0 0 0 12 0 0 279644 0 0 92 0 0 0 0 14928 128 6 0 0 17 2 0 0 0 0 0 0 0 0 0 0 0 0 0
20161116 21:32:05.001 1 0 0 0 0 0 0 98 2 0 0 23 57 0 137 0 0.00 0.03 0.08 0 0 1024436 896236 128200 0 41104 558136 113976 99992 164892 748744 0 0 0 0 0 0 208 0 0 279740 17 17 139 0 0 0 0 15008 128 6 0 0 17 0 0 0 0 0 2 4 6 17 17 34 0 0 0
20161116 21:32:10.006 0 0 0 0 0 0 0 100 0 0 0 16 36 0 135 1 0.00 0.03 0.08 1 0 1024436 895000 129436 0 41112 558136 113924 99940 163780 748744 0 0 0 0 0 0 240 0 0 279744 0 5 8 0 0 0 0 14956 125 5 0 0 16 0 0 0 0 0 0 1 1 0 5 5 0 0 0
20161116 21:32:15.002 0 0 0 0 0 0 0 100 0 0 0 11 24 0 135 0 0.00 0.03 0.08 0 0 1024436 894868 129568 0 41120 558136 113876 99940 163780 748744 0 0 0 0 0 0 240 0 0 279744 0 5 0 0 0 0 0 14920 125 5 0 0 16 0 0 0 0 0 0 1 1 0 5 5 0 0 0
20161116 21:32:20.001 1 0 0 0 0 0 0 99 1 0 0 19 43 0 137 1 0.00 0.03 0.08 1 0 1024436 895900 128536 0 41120 558140 113924 100036 164892 748744 0 0 0 0 0 0 208 0 0 279740 0 12 125 0 0 0 0 14968 128 6 0 0 17 0 0 0 0 0 0 3 3 0 12 12 0 0 0
20161116 21:32:25.001 0 0 0 0 0 0 0 100 0 0 0 16 38 0 135 0 0.00 0.03 0.08 0 0 1024436 894968 129468 0 41128 558156 113904 99968 163784 748744 0 0 0 0 0 0 272 0 0 279752 0 6 8 0 0 0 0 14944 125 5 0 0 16 0 0 0 0 0 0 1 1 0 6 6 0 0 0
20161116 21:32:30.006 0 0 0 0 0 0 0 100 0 0 0 11 24 0 135 1 0.00 0.03 0.08 1 0 1024436 894960 129476 0 41136 558156 113868 99968 163784 748744 0 0 0 0 0 0 272 0 0 279752 0 5 0 0 0 0 0 14916 125 5 0 0 16 1 0 0 0 0 0 1 1 0 5 5 0 0 0
20161116 21:32:35.001 0 0 0 0 0 0 0 100 0 0 0 15 35 0 135 0 0.00 0.03 0.08 0 0 1024436 894960 129476 0 41136 558156 113892 99968 163784 748744 0 0 0 0 0 0 272 0 0 279752 0 6 101 0 0 0 0 14932 125 5 0 0 16 0 0 0 0 0 0 1 1 0 6 6 0 0 0
20161116 21:32:40.006 0 0 0 0 0 0 0 100 0 0 0 13 24 0 135 1 0.00 0.03 0.08 1 0 1024436 894960 129476 0 41144 558156 113956 99968 163784 748744 0 0 0 0 0 0 76 0 0 279752 0 54 0 0 0 0 0 14996 125 5 0 0 16 0 0 0 0 0 0 11 11 0 54 54 0 0 0
20161116 21:32:45.001 0 0 0 0 0 0 0 100 0 0 0 11 24 0 135 0 0.00 0.03 0.08 0 0 1024436 894960 129476 0 41152 558156 113920 99968 163788 748744 0 0 0 0 0 0 88 0 0 279752 0 6 0 0 0 0 0 14964 125 5 0 0 16 0 0 0 0 0 0 1 1 0 6 6 0 0 0
20161116 21:32:50.006 0 0 0 0 0 0 0 100 0 0 0 12 24 0 135 1 0.00 0.03 0.08 1 0 1024436 894960 129476 0 41152 558156 113864 99968 163788 748744 0 0 0 0 0 0 88 0 0 279752 0 0 0 0 0 0 0 14928 125 5 0 0 16 0 0 0 0 0 0 0 0 0 0 0 0 0 0
20161116 21:32:55.001 0 0 0 0 0 0 0 100 0 0 0 10 22 0 135 0 0.00 0.02 0.08 0 0 1024436 894960 129476 0 41152 558156 113876 99968 163792 748744 0 0 0 0 0 0 64 0 0 279752 0 5 0 0 0 0 0 14924 125 5 0 0 16 0 0 0 0 0 0 0 0 0 5 5 0 0 0
20161116 21:33:00.006 0 0 0 0 0 0 0 100 0 0 0 13 26 0 135 1 0.00 0.02 0.08 1 0 1024436 894960 129476 0 41160 558156 113868 99968 163792 748744 0 0 0 0 0 0 12 0 0 279752 0 15 0 0 0 0 0 14916 125 5 0 0 16 0 0 0 0 0 0 4 4 0 15 15 0 0 0
20161116 21:33:05.001 2 0 1 0 0 0 0 97 3 0 0 20 48 0 135 1 0.00 0.02 0.08 0 0 1024436 894960 129476 0 41160 558156 113900 99968 163792 748744 0 0 0 0 0 0 12 0 0 279752 0 5 99 0 0 0 0 14944 125 5 0 0 16 0 0 0 0 0 0 1 1 0 5 5 0 0 0
20161116 21:33:10.006 0 0 0 0 0 0 0 100 0 0 0 11 23 0 135 1 0.00 0.02 0.08 1 0 1024436 894960 129476 0 41168 558156 113844 99968 163796 748744 0 0 0 0 0 0 48 0 0 279752 0 10 0 0 0 0 0 14900 125 5 0 0 16 0 0 0 0 0 0 2 2 0 10 10 0 0 0
20161116 21:33:15.001 0 0 0 0 0 0 0 100 0 0 0 11 23 0 135 0 0.00 0.02 0.08 0 0 1024436 894960 129476 0 41168 558156 113832 99968 163796 748744 0 0 0 0 0 0 0 0 0 279752 0 10 0 0 0 0 0 14896 125 5 0 0 16 0 0 0 0 0 0 2 2 0 10 10 0 0 0
20161116 21:33:20.006 0 0 0 0 0 0 0 100 0 0 0 9 21 0 135 1 0.00 0.02 0.07 1 0 1024436 894960 129476 0 41168 558156 113828 99968 163796 748744 0 0 0 0 0 0 0 0 0 279752 0 0 0 0 0 0 0 14892 125 5 0 0 16 0 0 0 0 0 0 0 0 0 0 0 0 0 0
20161116 21:33:25.001 0 0 0 0 0 0 0 100 0 0 0 10 23 0 135 0 0.00 0.02 0.07 0 0 1024436 894960 129476 0 41168 558172 113836 99968 163796 748744 0 0 0 0 0 0 20 0 0 279752 0 0 0 0 0 0 0 14892 125 5 0 0 16 0 0 0 0 0 0 0 0 0 0 0 0 0 0
20161116 21:33:30.006 1 0 0 0 0 0 0 99 1 0 0 13 25 0 135 1 0.00 0.02 0.07 1 0 1024436 894960 129476 0 41176 558172 113836 99968 163800 748744 0 0 0 0 0 0 24 0 0 279756 0 2 0 0 0 0 0 14896 125 5 0 0 16 0 0 0 0 0 0 1 1 0 2 2 0 0 0
20161116 21:33:35.001 0 0 0 0 0 0 0 100 0 0 0 13 33 0 135 0 0.00 0.02 0.07 0 0 1024436 894988 129448 0 41176 558172 113872 99968 163804 748744 0 0 0 0 0 0 24 0 0 279756 0 6 101 0 0 0 0 14920 125 5 0 0 16 0 0 0 0 0 0 1 1 0 6 6 0 0 0
20161116 21:33:40.006 0 0 0 0 0 0 0 100 0 0 0 12 25 0 135 1 0.00 0.02 0.07 1 0 1024436 894980 129456 0 41184 558172 113856 99968 163804 748744 0 0 0 0 0 0 64 0 0 279756 0 10 0 0 0 0 0 14904 125 5 0 0 16 0 0 0 0 0 0 2 2 0 10 10 0 0 0
20161116 21:33:45.001 0 0 0 0 0 0 0 100 0 0 0 10 21 0 135 0 0.00 0.02 0.07 0 0 1024436 894976 129460 0 41184 558172 113840 99968 163804 748744 0 0 0 0 0 0 64 0 0 279756 0 0 0 0 0 0 0 14900 125 5 0 0 16 0 0 0 0 0 0 0 0 0 0 0 0 0 0
20161116 21:33:50.006 0 0 0 0 0 0 0 100 0 0 0 11 23 0 135 1 0.00 0.02 0.07 1 0 1024436 894968 129468 0 41184 558172 113820 99968 163804 748744 0 0 0 0 0 0 64 0 0 279756 0 0 0 0 0 0 0 14884 125 5 0 0 16 0 0 0 0 0 0 0 0 0 0 0 0 0 0
20161116 21:33:55.001 1 0 0 0 0 0 0 99 1 0 0 23 52 1 139 0 0.00 0.02 0.07 0 0 1024436 897612 126824 0 41184 558212 114000 100100 166028 752860 0 0 0 0 0 0 192 0 0 279784 9 4 254 0 0 0 0 15044 132 7 0 0 18 1 0 0 0 0 1 0 1 9 4 13 0 0 0
20161116 21:34:00.001 1 0 0 0 0 0 0 99 1 0 0 32 69 0 137 1 0.00 0.02 0.07 1 0 1024436 896572 127864 0 41192 558228 114000 100120 164944 752860 0 0 0 0 0 0 260 0 0 279800 0 7 12 0 0 0 0 15040 128 7 1 0 18 2 0 0 0 0 0 2 2 0 7 7 0 0 0
20161116 21:34:05.001 2 0 1 0 0 0 0 97 3 0 0 25 55 0 135 0 0.00 0.02 0.07 0 0 1024436 895152 129284 0 41200 558220 113984 100052 163808 748744 0 0 0 0 0 0 208 0 0 279800 0 70 111 0 0 0 0 15016 125 5 0 0 16 0 0 0 0 0 0 15 15 0 70 70 0 0 0
20161116 21:34:10.005 0 0 0 0 0 0 0 100 0 0 0 11 23 0 135 0 0.00 0.02 0.07 0 0 1024436 895144 129292 0 41200 558220 113948 100052 163808 748744 0 0 0 0 0 0 208 0 0 279800 0 0 0 0 0 0 0 14984 125 5 0 0 16 0 0 0 0 0 0 0 0 0 0 0 0 0 0
20161116 21:34:15.002 0 0 0 0 0 0 0 100 0 0 0 11 24 0 135 0 0.00 0.02 0.07 0 0 1024436 895020 129416 0 41200 558220 113892 100052 163808 748744 0 0 0 0 0 0 208 0 0 279800 0 0 0 0 0 0 0 14940 125 5 0 0 16 0 0 0 0 0 0 0 0 0 0 0 0 0 0
20161116 21:34:20.006 0 0 0 0 0 0 0 100 0 0 0 10 23 0 135 1 0.00 0.02 0.07 1 0 1024436 895020 129416 0 41200 558220 113860 100052 163812 748744 0 0 0 0 0 0 208 0 0 279800 0 0 0 0 0 0 0 14908 125 5 0 0 16 0 0 0 0 0 0 0 0 0 0 0 0 0 0
20161116 21:34:25.001 0 0 0 0 0 0 0 100 0 0 0 12 26 0 135 0 0.00 0.02 0.07 0 0 1024436 895020 129416 0 41200 558240 113856 100052 163816 748744 0 0 0 0 0 0 232 0 0 279800 0 0 0 0 0 0 0 14900 125 5 0 0 16 0 0 0 0 0 0 0 0 0 0 0 0 0 0
20161116 21:34:30.005 0 0 0 0 0 0 0 100 0 0 0 12 25 0 135 0 0.00 0.02 0.07 0 0 1024436 895020 129416 0 41208 558240 113836 100052 163816 748744 0 0 0 0 0 0 236 0 0 279812 0 2 0 0 0 0 0 14896 125 5 0 0 16 0 0 0 0 0 0 1 1 0 2 2 0 0 0
20161116 21:34:35.001 0 0 0 0 0 0 0 100 0 0 0 12 32 0 135 0 0.00 0.02 0.07 0 0 1024436 895020 129416 0 41208 558240 113872 100052 163816 748744 0 0 0 0 0 0 236 0 0 279812 0 6 101 0 0 0 0 14920 125 5 0 0 16 0 0 0 0 0 0 1 1 0 6 6 0 0 0
20161116 21:34:40.006 0 0 0 0 0 0 0 100 0 0 0 11 23 0 135 1 0.00 0.01 0.07 1 0 1024436 895020 129416 0 41216 558240 113920 100052 163816 748744 0 0 0 0 0 0 64 0 0 279812 0 45 0 0 0 0 0 14964 125 5 0 0 16 1 0 0 0 0 0 9 9 0 45 45 0 0 0
20161116 21:34:45.001 0 0 0 0 0 0 0 100 0 0 0 11 23 0 135 0 0.00 0.01 0.07 0 0 1024436 895020 129416 0 41216 558240 113900 100052 163820 748744 0 0 0 0 0 0 64 0 0 279812 0 0 0 0 0 0 0 14952 125 5 0 0 16 0 0 0 0 0 0 0 0 0 0 0 0 0 0
20161116 21:34:50.005 0 0 0 0 0 0 0 100 0 0 0 11 24 0 135 0 0.00 0.01 0.07 0 0 1024436 895020 129416 0 41216 558240 113852 100052 163820 748744 0 0 0 0 0 0 64 0 0 279812 0 0 0 0 0 0 0 14916 125 5 0 0 16 0 0 0 0 0 0 0 0 0 0 0 0 0 0
20161116 21:34:55.001 0 0 0 0 0 0 0 100 0 0 0 10 22 0 135 0 0.00 0.01 0.07 0 0 1024436 895020 129416 0 41216 558240 113864 100052 163820 748744 0 0 0 0 0 0 40 0 0 279812 0 5 0 0 0 0 0 14912 125 5 0 0 16 0 0 0 0 0 0 0 0 0 5 5 0 0 0
20161116 21:35:00.006 0 0 0 0 0 0 0 99 0 0 0 12 23 0 135 1 0.00 0.01 0.06 1 0 1024436 895020 129416 0 41224 558240 113852 100052 163820 748744 0 0 0 0 0 0 48 0 0 279812 0 4 0 0 0 0 0 14900 125 5 0 0 16 0 0 0 0 0 0 1 1 0 4 4 0 0 0
20161116 21:35:05.001 2 0 0 0 0 0 0 97 3 0 0 19 47 0 135 0 0.00 0.01 0.06 0 0 1024436 895036 129400 0 41224 558240 113884 100052 163824 748744 0 0 0 0 0 0 48 0 0 279812 0 5 100 0 0 0 0 14928 125 5 0 0 16 0 0 0 0 0 0 1 1 0 5 5 0 0 0
20161116 21:35:10.006 0 0 0 0 0 0 0 100 0 0 0 12 24 0 135 1 0.00 0.01 0.06 1 0 1024436 895020 129416 0 41232 558240 113852 100052 163824 748744 0 0 0 0 0 0 40 0 0 279812 0 11 0 0 0 0 0 14908 125 5 0 0 16 0 0 0 0 0 0 3 3 0 11 11 0 0 0
20161116 21:35:15.001 0 0 0 0 0 0 0 100 0 0 0 10 23 0 135 0 0.00 0.01 0.06 0 0 1024436 895020 129416 0 41232 558240 113836 100052 163824 748744 0 0 0 0 0 0 40 0 0 279812 0 0 0 0 0 0 0 14896 125 5 0 0 16 0 0 0 0 0 0 0 0 0 0 0 0 0 0
20161116 21:35:20.006 0 0 0 0 0 0 0 100 0 0 0 10 21 0 135 1 0.00 0.01 0.06 1 0 1024436 895020 129416 0 41232 558240 113828 100052 163824 748744 0 0 0 0 0 0 40 0 0 279812 0 0 0 0 0 0 0 14888 125 5 0 0 16 0 0 0 0 0 0 0 0 0 0 0 0 0 0
20161116 21:35:25.001 0 0 0 0 0 0 0 100 0 0 0 10 21 0 135 0 0.00 0.01 0.06 0 0 1024436 895020 129416 0 41232 558256 113836 100052 163824 748744 0 0 0 0 0 0 60 0 0 279812 0 0 0 0 0 0 0 14892 125 5 0 0 16 0 0 0 0 0 0 0 0 0 0 0 0 0 0
20161116 21:35:30.005 0 0 0 0 0 0 0 100 0 0 0 12 25 0 135 0 0.00 0.01 0.06 0 0 1024436 895020 129416 0 41240 558256 113832 100052 163832 748744 0 0 0 0 0 0 64 0 0 279816 0 2 1 0 0 0 0 14892 125 5 0 0 16 1 0 0 0 0 0 1 1 0 2 2 0 0 0
20161116 21:35:35.001 0 0 0 0 0 0 0 100 0 0 0 13 33 0 135 0 0.00 0.01 0.06 0 0 1024436 895144 129292 0 41240 558256 113872 100052 163832 748744 0 0 0 0 0 0 64 0 0 279816 0 6 101 0 0 0 0 14920 125 5 0 0 16 1 0 0 0 0 0 1 1 0 6 6 0 0 0
20161116 21:35:40.006 0 0 0 0 0 0 0 100 0 0 0 12 25 0 135 0 0.00 0.01 0.06 0 0 1024436 895112 129324 0 41248 558256 113848 100052 163832 748744 0 0 0 0 0 0 64 0 0 279816 0 9 0 0 0 0 0 14896 125 5 0 0 16 1 0 0 0 0 0 2 2 0 9 9 0 0 0
20161116 21:35:45.001 0 0 0 0 0 0 0 100 0 0 0 17 37 1 139 0 0.00 0.01 0.06 0 0 1024436 897292 127144 0 41248 558264 113980 100148 165716 752860 0 0 0 0 0 0 132 0 0 279816 0 13 219 0 0 0 0 15028 132 7 0 0 18 2 0 0 0 0 0 2 2 0 13 13 0 0 0
20161116 21:35:50.006 1 0 0 0 0 0 0 99 1 0 0 22 53 0 139 1 0.00 0.01 0.06 1 0 1024436 897948 126488 0 41256 558268 113988 100168 166080 752860 0 0 0 0 0 0 216 0 0 279816 0 6 42 0 0 0 0 15036 131 7 0 0 18 1 0 0 0 0 0 2 2 0 6 6 0 0 0
20161116 21:35:55.001 0 0 0 0 0 0 0 100 0 0 0 16 40 0 135 0 0.00 0.01 0.06 0 0 1024436 895404 129032 0 41264 558260 113924 100076 163848 748744 0 0 0 0 0 0 256 0 0 279816 0 5 9 0 0 0 0 14964 125 5 0 0 16 0 0 0 0 0 0 1 1 0 5 5 0 0 0
20161116 21:36:00.006 1 0 0 0 0 0 0 99 1 0 0 26 48 0 135 1 0.00 0.01 0.06 1 0 1024436 895272 129164 0 41272 558260 113876 100076 163848 748744 0 0 0 0 0 0 256 0 0 279816 0 4 0 0 0 0 0 14920 125 5 0 0 16 0 0 0 0 0 0 1 1 0 4 4 0 0 0
20161116 21:36:05.001 2 0 0 0 0 0 0 97 3 0 0 20 49 0 135 0 0.00 0.01 0.06 0 0 1024436 895272 129164 0 41272 558260 113888 100076 163848 748744 0 0 0 0 0 0 256 0 0 279816 0 5 99 0 0 0 0 14928 125 5 0 0 16 0 0 0 0 0 0 1 1 0 5 5 0 0 0
20161116 21:36:10.006 0 0 0 0 0 0 0 100 0 0 0 12 26 0 135 1 0.00 0.01 0.06 1 0 1024436 895272 129164 0 41280 558260 113852 100076 163848 748744 0 0 0 0 0 0 288 0 0 279816 0 10 0 0 0 0 0 14900 125 5 0 0 16 0 0 0 0 0 0 2 2 0 10 10 0 0 0
20161116 21:36:15.001 0 0 0 0 0 0 0 100 0 0 0 12 24 0 135 0 0.00 0.01 0.06 0 0 1024436 895272 129164 0 41280 558260 113936 100076 163852 748744 0 0 0 0 0 0 68 0 0 279816 0 44 0 0 0 0 0 14988 125 5 0 0 16 0 0 0 0 0 0 9 9 0 44 44 0 0 0
20161116 21:36:20.006 0 0 0 0 0 0 0 99 1 0 0 12 24 0 135 1 0.00 0.01 0.06 1 0 1024436 895272 129164 0 41288 558260 113916 100076 163852 748744 0 0 0 0 0 0 20 0 0 279816 0 19 0 0 0 0 0 14968 125 5 0 0 16 0 0 0 0 0 0 4 4 0 19 19 0 0 0
20161116 21:36:25.001 0 0 0 0 0 0 0 100 0 0 0 10 21 0 135 0 0.00 0.01 0.06 0 0 1024436 895272 129164 0 41288 558280 113912 100076 163852 748744 0 0 0 0 0 0 44 0 0 279816 0 0 0 0 0 0 0 14960 125 5 0 0 16 0 0 0 0 0 0 0 0 0 0 0 0 0 0
20161116 21:36:30.006 0 0 0 0 0 0 0 100 0 0 0 12 26 0 135 1 0.00 0.01 0.06 1 0 1024436 895272 129164 0 41296 558280 113872 100076 163852 748744 0 0 0 0 0 0 48 0 0 279828 0 2 0 0 0 0 0 14932 125 5 0 0 16 1 0 0 0 0 0 1 1 0 2 2 0 0 0
20161116 21:36:35.001 0 0 0 0 0 0 0 100 0 0 0 12 31 0 135 0 0.00 0.01 0.06 0 0 1024436 895324 129112 0 41296 558280 113892 100076 163852 748744 0 0 0 0 0 0 48 0 0 279828 0 6 101 0 0 0 0 14940 125 5 0 0 16 1 0 0 0 0 0 1 1 0 6 6 0 0 0
20161116 21:36:40.006 0 0 0 0 0 0 0 100 0 0 0 11 24 0 135 1 0.00 0.01 0.06 1 0 1024436 895436 129000 0 41304 558280 113872 100076 163856 748744 0 0 0 0 0 0 0 0 0 279828 0 26 0 0 0 0 0 14916 125 5 0 0 16 2 0 0 0 0 0 6 6 0 26 26 0 0 0
20161116 21:36:45.001 0 0 0 0 0 0 0 100 0 0 0 14 32 0 135 0 0.00 0.01 0.05 0 0 1024436 895300 129136 0 41312 558272 113904 100076 163856 748744 0 0 0 0 0 0 128 0 0 279828 0 6 98 0 0 0 0 14952 125 5 0 0 16 1 0 0 0 0 0 2 2 0 6 6 0 0 0
20161116 21:36:50.006 0 0 0 0 0 0 0 100 0 0 0 13 25 0 135 1 0.00 0.01 0.05 1 0 1024436 895272 129164 0 41312 558280 113864 100076 163856 748744 0 0 0 0 0 0 152 0 0 279828 0 0 0 0 0 0 0 14916 125 5 0 0 16 1 0 0 0 0 0 0 0 0 0 0 0 0 0
20161116 21:36:55.001 0 0 0 0 0 0 0 100 0 0 0 11 23 0 135 0 0.00 0.01 0.05 0 0 1024436 895396 129040 0 41312 558280 113916 100076 163860 748744 0 0 0 0 0 0 0 0 0 279828 0 30 0 0 0 0 0 14968 125 5 0 0 16 0 0 0 0 0 0 7 7 0 30 30 0 0 0
20161116 21:37:00.007 0 0 0 0 0 0 0 100 0 0 0 13 28 0 136 1 0.00 0.01 0.05 1 0 1024436 895792 128644 0 41316 558280 113896 100128 164508 748744 0 0 0 0 0 0 0 0 0 279828 0 1 72 0 0 0 0 14948 126 6 0 0 17 1 0 0 0 0 0 0 0 0 1 1 0 0 0
20161116 21:37:05.001 1 0 0 0 0 0 0 99 1 0 0 19 46 0 135 0 0.00 0.01 0.05 0 0 1024436 895372 129064 0 41332 558280 113948 100076 163864 748744 0 0 0 0 0 0 48 0 0 279828 0 40 107 0 0 0 0 14984 125 5 0 0 16 0 0 0 0 0 0 10 10 0 40 40 0 0 0
20161116 21:37:10.006 0 0 0 0 0 0 0 100 0 0 0 10 22 0 135 1 0.00 0.01 0.05 1 0 1024436 895364 129072 0 41332 558280 113892 100076 163864 748744 0 0 0 0 0 0 48 0 0 279828 0 0 0 0 0 0 0 14944 125 5 0 0 16 0 0 0 0 0 0 0 0 0 0 0 0 0 0
20161116 21:37:15.001 0 0 0 0 0 0 0 100 0 0 0 9 21 0 135 0 0.00 0.01 0.05 0 0 1024436 895364 129072 0 41332 558280 113864 100076 163864 748744 0 0 0 0 0 0 48 0 0 279828 0 0 0 0 0 0 0 14924 125 5 0 0 16 0 0 0 0 0 0 0 0 0 0 0 0 0 0
20161116 21:37:20.006 0 0 0 0 0 0 0 100 0 0 0 11 22 0 135 1 0.00 0.01 0.05 1 0 1024436 895364 129072 0 41332 558280 113868 100076 163868 748744 0 0 0 0 0 0 0 0 0 279828 0 10 0 0 0 0 0 14920 125 5 0 0 16 0 0 0 0 0 0 2 2 0 10 10 0 0 0
20161116 21:37:25.002 0 0 0 0 0 0 0 100 0 0 0 10 22 0 135 0 0.00 0.01 0.05 0 0 1024436 895364 129072 0 41340 558296 113856 100076 163872 748744 0 0 0 0 0 0 24 0 0 279828 0 2 0 0 0 0 0 14908 125 5 0 0 16 0 0 0 0 0 0 1 1 0 2 2 0 0 0
20161116 21:37:30.006 0 0 0 0 0 0 0 100 0 0 0 11 24 0 135 1 0.00 0.01 0.05 1 0 1024436 895364 129072 0 41340 558296 113832 100076 163872 748744 0 0 0 0 0 0 24 0 0 279832 0 0 0 0 0 0 0 14896 125 5 0 0 16 1 0 0 0 0 0 0 0 0 0 0 0 0 0
20161116 21:37:35.001 1 0 0 0 0 0 0 99 1 0 0 25 59 1 139 1 0.00 0.01 0.05 0 0 1024436 898084 126352 0 41348 558420 114008 100216 166072 752844 0 0 0 0 0 0 208 0 0 279948 21 18 351 0 0 0 0 15052 133 7 0 0 18 2 0 0 0 0 1 4 5 21 18 39 0 0 0
20161116 21:37:40.006 0 0 0 0 0 0 0 100 0 0 0 19 45 0 139 1 0.00 0.01 0.05 1 0 1024436 898208 126228 0 41356 558420 114012 100220 166120 752844 0 0 0 0 0 0 264 0 0 279948 0 5 12 0 0 0 0 15048 131 7 0 0 18 1 0 0 0 0 0 1 1 0 5 5 0 0 0
20161116 21:37:45.001 0 0 0 0 0 0 0 99 1 0 0 15 37 0 135 0 0.00 0.01 0.05 0 0 1024436 895556 128880 0 41364 558420 113936 100128 163876 748744 0 0 0 0 0 0 304 0 0 279960 2 5 7 0 0 0 0 14968 125 5 0 0 16 1 0 0 0 0 0 1 1 2 5 7 0 0 0
20161116 21:37:50.006 0 0 0 0 0 0 0 100 0 0 0 10 22 0 135 1 0.00 0.01 0.05 1 0 1024436 895548 128888 0 41364 558428 113864 100128 163880 748744 0 0 0 0 0 0 308 0 0 279960 0 0 0 0 0 0 0 14920 125 5 0 0 16 1 0 0 0 0 0 0 0 0 0 0 0 0 0
20161116 21:37:55.001 0 0 0 0 0 0 0 100 0 0 0 13 26 0 135 0 0.00 0.01 0.05 0 0 1024436 895548 128888 0 41364 558428 113868 100128 163880 748744 0 0 0 0 0 0 288 0 0 279964 0 4 0 0 0 0 0 14920 125 5 0 0 16 0 0 0 0 0 0 0 0 0 4 4 0 0 0
20161116 21:38:00.006 1 0 0 0 0 0 0 99 1 0 0 27 51 0 135 1 0.00 0.01 0.05 1 0 1024436 895424 129012 0 41372 558428 113844 100128 163880 748744 0 0 0 0 0 0 244 0 0 279964 0 14 0 0 0 0 0 14896 125 5 0 0 16 0 0 0 0 0 0 3 3 0 14 14 0 0 0
20161116 21:38:05.001 1 0 0 0 0 0 0 98 2 0 0 17 42 0 135 0 0.00 0.01 0.05 0 0 1024436 895548 128888 0 41372 558428 113876 100128 163880 748744 0 0 0 0 0 0 244 0 0 279964 0 5 99 0 0 0 0 14920 125 5 0 0 16 0 0 0 0 0 0 1 1 0 5 5 0 0 0
20161116 21:38:10.006 0 0 0 0 0 0 0 100 0 0 0 14 25 0 135 1 0.00 0.01 0.05 1 0 1024436 895548 128888 0 41380 558428 113964 100128 163880 748744 0 0 0 0 0 0 60 0 0 279964 0 57 0 0 0 0 0 15008 125 5 0 0 16 0 0 0 0 0 0 12 12 0 57 57 0 0 0
20161116 21:38:15.001 0 0 0 0 0 0 0 100 0 0 0 10 22 0 135 0 0.00 0.01 0.05 0 0 1024436 895548 128888 0 41380 558428 113924 100128 163884 748744 0 0 0 0 0 0 56 0 0 279964 0 1 0 0 0 0 0 14972 125 5 0 0 16 0 0 0 0 0 0 0 0 0 1 1 0 0 0
20161116 21:38:20.006 0 0 0 0 0 0 0 100 0 0 0 12 25 0 135 1 0.00 0.01 0.05 1 0 1024436 895548 128888 0 41384 558428 113888 100128 163884 748744 0 0 0 0 0 0 56 0 0 279964 0 1 0 0 0 0 0 14948 125 5 0 0 16 0 0 0 0 0 0 0 0 0 1 1 0 0 0
20161116 21:38:25.001 0 0 0 0 0 0 0 100 0 0 0 10 21 0 135 0 0.00 0.01 0.05 0 0 1024436 895548 128888 0 41384 558448 113880 100128 163884 748744 0 0 0 0 0 0 80 0 0 279964 0 0 0 0 0 0 0 14936 125 5 0 0 16 0 0 0 0 0 0 0 0 0 0 0 0 0 0
20161116 21:38:30.006 0 0 0 0 0 0 0 100 0 0 0 11 24 0 135 1 0.00 0.01 0.05 1 0 1024436 895548 128888 0 41392 558448 113840 100128 163884 748744 0 0 0 0 0 0 80 0 0 279964 0 2 0 0 0 0 0 14900 125 5 0 0 16 1 0 0 0 0 0 1 1 0 2 2 0 0 0
20161116 21:38:35.001 0 0 0 0 0 0 0 100 0 0 0 12 32 0 135 0 0.00 0.01 0.05 0 0 1024436 895548 128888 0 41392 558448 113876 100128 163888 748744 0 0 0 0 0 0 24 0 0 279976 0 18 101 0 0 0 0 14924 125 5 0 0 16 1 0 0 0 0 0 4 4 0 18 18 0 0 0
20161116 21:38:40.006 0 0 0 0 0 0 0 100 0 0 0 11 23 0 135 1 0.00 0.01 0.05 1 0 1024436 895548 128888 0 41400 558448 113852 100128 163888 748744 0 0 0 0 0 0 60 0 0 279976 0 9 0 0 0 0 0 14900 125 5 0 0 16 1 0 0 0 0 0 2 2 0 9 9 0 0 0
20161116 21:38:45.001 0 0 0 0 0 0 0 100 0 0 0 11 22 0 135 0 0.00 0.01 0.05 0 0 1024436 895516 128920 0 41400 558448 113840 100128 163892 748744 0 0 0 0 0 0 60 0 0 279976 0 0 0 0 0 0 0 14900 125 5 0 0 16 1 0 0 0 0 0 0 0 0 0 0 0 0 0
20161116 21:38:50.006 0 0 0 0 0 0 0 99 1 0 0 13 26 0 135 1 0.00 0.01 0.05 1 0 1024436 895516 128920 0 41400 558448 113832 100128 163892 748744 0 0 0 0 0 0 60 0 0 279976 0 0 0 0 0 0 0 14896 125 5 0 0 16 0 0 0 0 0 0 0 0 0 0 0 0 0 0
20161116 21:38:55.001 0 0 0 0 0 0 0 100 0 0 0 10 22 0 135 0 0.00 0.01 0.05 0 0 1024436 895516 128920 0 41400 558448 113848 100128 163892 748744 0 0 0 0 0 0 36 0 0 279976 0 5 0 0 0 0 0 14896 125 5 0 0 16 0 0 0 0 0 0 0 0 0 5 5 0 0 0
20161116 21:39:00.006 0 0 0 0 0 0 0 99 0 0 0 12 26 0 135 1 0.00 0.01 0.05 1 0 1024436 895516 128920 0 41408 558448 113844 100128 163896 748744 0 0 0 0 0 0 44 0 0 279976 0 4 0 0 0 0 0 14892 125 5 0 0 16 0 0 0 0 0 0 1 1 0 4 4 0 0 0
20161116 21:39:05.001 2 0 1 0 0 0 0 98 2 0 0 19 46 0 135 0 0.00 0.01 0.05 0 0 1024436 895516 128920 0 41408 558448 113880 100128 163896 748744 0 0 0 0 0 0 44 0 0 279976 0 5 99 0 0 0 0 14924 125 5 0 0 16 0 0 0 0 0 0 1 1 0 5 5 0 0 0
20161116 21:39:10.006 0 0 0 0 0 0 0 100 0 0 0 11 23 0 135 1 0.00 0.01 0.05 1 0 1024436 895516 128920 0 41416 558448 113840 100128 163896 748744 0 0 0 0 0 0 48 0 0 279976 0 10 0 0 0 0 0 14896 125 5 0 0 16 0 0 0 0 0 0 2 2 0 10 10 0 0 0
20161116 21:39:15.001 0 0 0 0 0 0 0 100 0 0 0 10 22 0 135 0 0.00 0.01 0.05 0 0 1024436 895516 128920 0 41416 558448 113836 100128 163896 748744 0 0 0 0 0 0 0 0 0 279976 0 10 0 0 0 0 0 14896 125 5 0 0 16 0 0 0 0 0 0 2 2 0 10 10 0 0 0
20161116 21:39:20.006 0 0 0 0 0 0 0 100 0 0 0 11 22 0 135 1 0.00 0.01 0.05 1 0 1024436 895516 128920 0 41416 558448 113832 100128 163896 748744 0 0 0 0 0 0 0 0 0 279976 0 0 0 0 0 0 0 14892 125 5 0 0 16 0 0 0 0 0 0 0 0 0 0 0 0 0 0
20161116 21:39:25.002 1 0 1 0 0 0 0 98 2 0 0 22 46 1 139 0 0.00 0.01 0.05 0 0 1024436 897968 126468 0 41416 558472 113980 100220 166100 752844 0 0 0 0 0 0 152 0 0 279976 0 0 248 0 0 0 0 15036 133 7 0 0 18 1 0 0 0 0 0 0 0 0 0 0 0 0 0
20161116 21:39:30.006 0 0 0 0 0 0 0 100 0 0 0 20 46 0 139 1 0.00 0.01 0.05 1 0 1024436 898340 126096 0 41424 558476 114072 100228 166144 752844 0 0 0 0 0 0 168 0 0 279976 0 39 17 0 0 0 0 15112 131 7 0 0 18 1 0 0 0 0 0 8 8 0 39 39 0 0 0
20161116 21:39:35.001 0 0 0 0 0 0 0 99 1 0 0 19 48 0 135 0 0.00 0.01 0.05 0 0 1024436 895740 128696 0 41432 558468 114020 100188 163900 748744 0 0 0 0 0 0 256 0 0 279976 0 18 110 0 0 0 0 15044 125 5 0 0 16 1 0 0 0 0 0 4 4 0 18 18 0 0 0
20161116 21:39:40.001 0 0 0 0 0 0 0 100 0 0 0 23 48 0 135 2 0.00 0.01 0.05 1 0 1024436 898552 125884 0 41588 561308 113952 100188 163900 748744 0 0 0 0 0 0 260 0 0 282012 598 12 102 5 0 0 0 14984 125 5 0 0 16 1 0 0 0 0 15 3 18 598 12 610 0 0 0
20161116 21:39:45.001 0 0 0 0 0 0 0 100 0 0 0 13 28 0 135 0 0.00 0.01 0.05 0 0 1024436 898552 125884 0 41596 561300 113920 100188 163904 748744 0 0 0 0 0 0 260 0 0 282012 0 2 0 0 0 0 0 14964 125 5 0 0 16 1 0 0 0 0 0 1 1 0 2 2 0 0 0
20161116 21:39:50.006 0 0 0 0 0 0 0 99 1 0 0 11 22 0 135 1 0.00 0.01 0.05 1 0 1024436 898552 125884 0 41596 561308 113852 100188 163904 748744 0 0 0 0 0 0 264 0 0 282012 0 0 0 0 0 0 0 14916 125 5 0 0 16 0 0 0 0 0 0 0 0 0 0 0 0 0 0
20161116 21:39:55.001 0 0 0 0 0 0 0 100 0 0 0 12 25 0 135 0 0.00 0.01 0.05 0 0 1024436 898552 125884 0 41596 561308 113836 100188 163904 748744 0 0 0 0 0 0 264 0 0 282012 0 0 0 0 0 0 0 14896 125 5 0 0 16 0 0 0 0 0 0 0 0 0 0 0 0 0 0
20161116 21:40:00.006 1 0 0 0 0 0 0 99 1 0 0 24 46 0 135 1 0.00 0.01 0.05 1 0 1024436 898552 125884 0 41596 561308 113832 100188 163904 748744 0 0 0 0 0 0 200 0 0 282012 0 13 0 0 0 0 0 14892 125 5 0 0 16 0 0 0 0 0 0 3 3 0 13 13 0 0 0
20161116 21:40:05.002 2 0 0 0 0 0 0 98 2 0 0 20 46 0 135 1 0.00 0.01 0.05 1 0 1024436 898568 125868 0 41596 561308 113952 100188 163904 748744 0 0 0 0 0 0 4 0 0 282012 0 44 99 0 0 0 0 14996 125 5 0 0 16 0 0 0 0 0 0 9 9 0 44 44 0 0 0
20161116 21:40:10.006 0 0 0 0 0 0 0 99 0 0 0 12 26 0 135 1 0.00 0.01 0.05 1 0 1024436 898552 125884 0 41604 561308 113908 100188 163908 748744 0 0 0 0 0 0 56 0 0 282012 0 12 1 0 0 0 0 14956 125 5 0 0 16 0 0 0 0 0 0 3 3 0 12 12 0 0 0
20161116 21:40:15.001 0 0 0 0 0 0 0 100 0 0 0 10 23 0 135 0 0.00 0.01 0.05 0 0 1024436 898552 125884 0 41604 561308 113880 100188 163912 748744 0 0 0 0 0 0 52 0 0 282012 0 1 0 0 0 0 0 14940 125 5 0 0 16 0 0 0 0 0 0 0 0 0 1 1 0 0 0
20161116 21:40:20.006 0 0 0 0 0 0 0 100 0 0 0 11 23 0 135 1 0.00 0.01 0.05 1 0 1024436 898552 125884 0 41608 561308 113860 100188 163912 748744 0 0 0 0 0 0 52 0 0 282012 0 1 0 0 0 0 0 14920 125 5 0 0 16 0 0 0 0 0 0 0 0 0 1 1 0 0 0
20161116 21:40:25.001 0 0 0 0 0 0 0 100 0 0 0 10 21 0 135 0 0.00 0.01 0.05 0 0 1024436 898552 125884 0 41608 561328 113856 100188 163912 748744 0 0 0 0 0 0 76 0 0 282012 0 0 0 0 0 0 0 14912 125 5 0 0 16 0 0 0 0 0 0 0 0 0 0 0 0 0 0
20161116 21:40:30.006 0 0 0 0 0 0 0 100 0 0 0 11 23 0 135 1 0.00 0.01 0.05 1 0 1024436 898552 125884 0 41616 561328 113824 100188 163912 748744 0 0 0 0 0 0 80 0 0 282012 0 2 0 0 0 0 0 14884 125 5 0 0 16 1 0 0 0 0 0 1 1 0 2 2 0 0 0
20161116 21:40:35.001 0 0 0 0 0 0 0 100 0 0 0 13 33 0 135 0 0.00 0.01 0.05 0 0 1024436 898572 125864 0 41616 561328 113872 100188 163916 748744 0 0 0 0 0 0 80 0 0 282024 0 6 101 0 0 0 0 14920 125 5 0 0 16 1 0 0 0 0 0 1 1 0 6 6 0 0 0
