################################################################################
# Collectl:   V3.7.4-1  HiRes: 1  Options: -scmsd -i 1 -R 1m -oDm -P -f/tmp 
# Host:       resource-adaptor  DaemonOpts: 
# Booted:     1478806339.99 [20161110-19:32:19]
# Distro:     debian 8.6  Platform: Droplet
# Date:       20161115-174102  Secs: 1479231662 TZ: +0000
# SubSys:     cmsd Options: Dm Interval: 1 NumCPUs: 1  NumBud: 0 Flags: i
# Filters:    NfsFilt:  EnvFilt:  TcpFilt: ituc
# HZ:         100  Arch: x86_64-linux-gnu-thread-multi PageSize: 4096
# Cpu:        GenuineIntel Speed(MHz): 2399.998 Cores: 1  Siblings: 1 Nodes: 1
# Kernel:     3.16.0-4-amd64  Memory: 1024436 kB  Swap: 0 kB
# NumDisks:   1 DiskNames: vda
# NumNets:    6 NetNames: lo:?? veth1cb7fa5:10000 eth1:?? vetha59ff22:10000 docker0:?? eth0:??
################################################################################
#Date Time [CPU]User% [CPU]Nice% [CPU]Sys% [CPU]Wait% [CPU]Irq% [CPU]Soft% [CPU]Steal% [CPU]Idle% [CPU]Totl% [CPU]Guest% [CPU]GuestN% [CPU]Intrpt/sec [CPU]Ctx/sec [CPU]Proc/sec [CPU]ProcQue [CPU]ProcRun [CPU]L-Avg1 [CPU]L-Avg5 [CPU]L-Avg15 [CPU]RunTot [CPU]BlkTot [MEM]Tot [MEM]Used [MEM]Free [MEM]Shared [MEM]Buf [MEM]Cached [MEM]Slab [MEM]Map [MEM]Anon [MEM]Commit [MEM]Locked [MEM]SwapTot [MEM]SwapUsed [MEM]SwapFree [MEM]SwapIn [MEM]SwapOut [MEM]Dirty [MEM]Clean [MEM]Laundry [MEM]Inactive [MEM]PageIn [MEM]PageOut [MEM]PageFaults [MEM]PageMajFaults [MEM]HugeTotal [MEM]HugeFree [MEM]HugeRsvd [MEM]SUnreclaim [SOCK]Used [SOCK]Tcp [SOCK]Orph [SOCK]Tw [SOCK]Alloc [SOCK]Mem [SOCK]Udp [SOCK]Raw [SOCK]Frag [SOCK]FragMem [DSK]ReadTot [DSK]WriteTot [DSK]OpsTot [DSK]ReadKBTot [DSK]WriteKBTot [DSK]KbTot [DSK]ReadMrgTot [DSK]WriteMrgTot [DSK]MrgTot
20161115 17:41:04.001 0 0 0 0 0 0 0 100 0 0 0 39 90 0 149 0 0.00 0.01 0.05 0 0 1024436 961008 63428 0 158244 444860 77632 67708 259512 803852 0 0 0 0 0 0 544 0 0 301888 0 0 56 0 0 0 0 16456 141 8 0 0 27 1 0 0 0 0 0 0 0 0 0 0 0 0 0
20161115 17:41:05.001 0 0 0 0 0 0 0 100 0 0 0 23 54 0 149 0 0.00 0.01 0.05 0 0 1024436 961008 63428 0 158244 444860 77576 67708 259532 803852 0 0 0 0 0 0 544 0 0 301888 0 0 72 0 0 0 0 16400 141 8 0 0 27 2 0 0 0 0 0 0 0 0 0 0 0 0 0
20161115 17:41:06.001 1 0 0 0 0 0 0 99 1 0 0 22 48 0 147 0 0.00 0.01 0.05 0 0 1024436 959460 64976 0 158244 444856 77544 67708 258428 799384 0 0 0 0 0 0 564 0 0 301888 0 0 20 0 0 0 0 16368 138 7 0 0 26 1 0 0 0 0 0 0 0 0 0 0 0 0 0
20161115 17:41:07.001 0 0 0 0 0 0 0 100 0 0 0 19 44 0 147 0 0.00 0.01 0.05 0 0 1024436 959460 64976 0 158244 444856 77544 67708 258436 799384 0 0 0 0 0 0 568 0 0 301888 0 0 9 0 0 0 0 16368 138 7 0 0 26 1 0 0 0 0 0 0 0 0 0 0 0 0 0
20161115 17:41:08.001 1 0 0 0 0 0 0 99 1 0 0 24 53 0 147 0 0.00 0.01 0.05 0 0 1024436 959460 64976 0 158248 444852 77536 67708 258440 799384 0 0 0 0 0 0 568 0 0 301888 0 52 4 0 0 0 0 16364 138 7 0 0 26 1 0 0 0 0 0 13 13 0 52 52 0 0 0
20161115 17:41:09.001 0 0 0 0 0 0 0 100 0 0 0 23 47 0 147 0 0.00 0.01 0.05 0 0 1024436 959312 65124 0 158248 444856 77464 67708 258440 799384 0 0 0 0 0 0 568 0 0 301888 0 0 0 0 0 0 0 16292 138 7 0 0 26 1 0 0 0 0 0 0 0 0 0 0 0 0 0
20161115 17:41:10.008 1 0 1 0 0 0 0 98 2 0 0 24 59 0 145 1 0.00 0.01 0.05 1 0 1024436 957792 66644 0 158248 444856 77428 67580 257316 794336 0 0 0 0 0 0 612 0 0 301892 0 0 36 0 0 0 0 16260 135 6 0 1 25 0 0 0 0 0 0 0 0 0 0 0 0 0 0
20161115 17:41:11.001 2 0 0 0 0 0 0 98 2 0 0 25 53 2 147 0 0.00 0.01 0.05 0 0 1024436 958500 65936 0 158248 444856 77432 67580 258072 794336 0 0 0 0 0 0 612 0 0 301892 0 0 447 0 0 0 0 16264 138 7 0 0 26 2 0 0 0 0 0 0 0 0 0 0 0 0 0
20161115 17:41:12.001 1 0 0 0 0 0 0 99 1 0 0 22 45 0 147 0 0.00 0.01 0.05 0 0 1024436 958500 65936 0 158248 444860 77432 67648 258132 794336 0 0 0 0 0 0 612 0 0 301892 0 0 32 0 0 0 0 16264 138 7 0 0 26 1 0 0 0 0 0 0 0 0 0 0 0 0 0
20161115 17:41:13.001 2 0 0 0 0 0 0 98 2 0 0 30 74 0 147 0 0.00 0.01 0.05 0 0 1024436 958732 65704 0 158248 444860 77396 67648 258388 794336 0 0 0 0 0 0 664 0 0 301892 0 0 134 0 0 0 0 16228 138 7 0 0 26 1 0 0 0 0 0 0 0 0 0 0 0 0 0
20161115 17:41:14.001 0 0 0 0 0 0 0 100 0 0 0 26 53 0 147 0 0.00 0.01 0.05 0 0 1024436 958700 65736 0 158248 444860 77392 67652 258424 794336 0 0 0 0 0 0 660 0 0 301888 0 24 16 0 0 0 0 16228 139 7 0 0 26 0 0 0 0 0 0 2 2 0 24 24 0 0 0
20161115 17:41:15.001 0 0 0 1 0 0 0 99 0 0 0 19 46 0 147 0 0.00 0.01 0.05 0 0 1024436 958700 65736 0 158248 444860 77396 67652 258424 794336 0 0 0 0 0 0 636 0 0 301888 0 40 14 0 0 0 0 16228 138 7 0 0 26 1 0 0 0 0 0 10 10 0 40 40 0 0 0
20161115 17:41:16.001 1 0 0 0 0 0 0 99 1 0 0 17 36 0 147 0 0.00 0.01 0.05 0 0 1024436 958700 65736 0 158248 444860 77396 67652 258436 794336 0 0 0 0 0 0 656 0 0 301888 0 0 4 0 0 0 0 16228 138 7 0 0 26 1 0 0 0 0 0 0 0 0 0 0 0 0 0
20161115 17:41:17.001 0 0 0 0 0 0 0 100 0 0 0 19 43 0 147 0 0.00 0.01 0.05 0 0 1024436 958700 65736 0 158248 444860 77396 67652 258436 794336 0 0 0 0 0 0 656 0 0 301888 0 0 1 0 0 0 0 16228 138 7 0 0 26 1 0 0 0 0 0 0 0 0 0 0 0 0 0
20161115 17:41:18.001 1 0 0 0 0 0 0 99 1 0 0 20 50 0 147 0 0.00 0.01 0.05 0 0 1024436 958692 65744 0 158248 444860 77384 67652 258436 794336 0 0 0 0 0 0 660 0 0 301888 0 0 7 0 0 0 0 16216 138 7 0 0 26 1 0 0 0 0 0 0 0 0 0 0 0 0 0
20161115 17:41:19.001 1 0 0 0 0 0 0 99 1 0 0 19 41 0 147 0 0.00 0.01 0.05 0 0 1024436 958692 65744 0 158248 444860 77384 67652 258436 794336 0 0 0 0 0 0 660 0 0 301888 0 0 0 0 0 0 0 16216 138 7 0 0 26 1 0 0 0 0 0 0 0 0 0 0 0 0 0
20161115 17:41:20.008 2 0 0 0 0 0 0 98 2 0 0 19 42 0 147 1 0.00 0.01 0.05 1 0 1024436 958692 65744 0 158248 444860 77384 67652 258436 794336 0 0 0 0 0 0 660 0 0 301888 0 0 3 0 0 0 0 16216 138 7 0 0 26 1 0 0 0 0 0 0 0 0 0 0 0 0 0
20161115 17:41:21.001 0 0 0 0 0 0 0 100 0 0 0 28 67 0 147 0 0.00 0.01 0.05 0 0 1024436 958692 65744 0 158248 444860 77384 67652 258440 794336 0 0 0 0 0 0 664 0 0 301888 0 24 8 0 0 0 0 16216 138 7 0 0 26 1 0 0 0 0 0 6 6 0 24 24 0 0 0
20161115 17:41:22.001 1 0 0 0 0 0 0 99 1 0 0 21 41 0 147 0 0.00 0.01 0.05 0 0 1024436 958692 65744 0 158248 444860 77360 67652 258440 794336 0 0 0 0 0 0 664 0 0 301888 0 0 3 0 0 0 0 16192 138 7 0 0 26 1 0 0 0 0 0 0 0 0 0 0 0 0 0
20161115 17:41:23.001 0 0 0 0 0 0 0 100 0 0 0 19 41 0 147 0 0.00 0.01 0.05 0 0 1024436 958692 65744 0 158248 444860 77360 67652 258440 794336 0 0 0 0 0 0 664 0 0 301888 0 0 0 0 0 0 0 16192 138 7 0 0 26 1 0 0 0 0 0 0 0 0 0 0 0 0 0
20161115 17:41:24.001 1 0 0 0 0 0 0 99 1 0 0 18 42 0 147 0 0.00 0.01 0.05 0 0 1024436 958692 65744 0 158248 444860 77360 67652 258440 794336 0 0 0 0 0 0 664 0 0 301888 0 0 7 0 0 0 0 16192 138 7 0 0 26 1 0 0 0 0 0 0 0 0 0 0 0 0 0
20161115 17:41:25.001 1 0 0 0 0 0 0 99 1 0 0 19 42 0 147 0 0.00 0.01 0.05 0 0 1024436 958692 65744 0 158248 444860 77360 67652 258444 794336 0 0 0 0 0 0 668 0 0 301888 0 0 4 0 0 0 0 16192 138 7 0 0 26 1 0 0 0 0 0 0 0 0 0 0 0 0 0
20161115 17:41:26.001 1 0 0 0 0 0 0 99 1 0 0 19 44 0 147 0 0.00 0.01 0.05 0 0 1024436 958692 65744 0 158248 444860 77340 67652 258444 794336 0 0 0 0 0 0 668 0 0 301888 0 24 9 0 0 0 0 16176 138 7 0 0 26 1 0 0 0 0 0 6 6 0 24 24 0 0 0
20161115 17:41:27.001 0 0 0 0 0 0 0 100 0 0 0 23 47 0 147 0 0.00 0.01 0.05 0 0 1024436 958692 65744 0 158248 444864 77340 67652 258448 794336 0 0 0 0 0 0 680 0 0 301892 0 0 3 0 0 0 0 16176 138 7 0 0 26 1 0 0 0 0 0 0 0 0 0 0 0 0 0
20161115 17:41:28.001 1 0 1 0 0 0 0 98 2 0 0 31 92 1 147 0 0.00 0.01 0.05 0 0 1024436 959188 65248 0 158248 444864 77360 67652 258448 798476 0 0 0 0 0 0 680 0 0 301892 0 24 501 0 0 0 0 16188 138 7 0 0 26 2 0 0 0 0 0 5 5 0 24 24 0 0 0
20161115 17:41:29.001 0 0 0 0 0 0 0 100 0 0 0 28 68 0 145 0 0.00 0.01 0.05 0 0 1024436 957736 66700 0 158248 444860 77352 67588 257328 794336 0 0 0 0 0 0 548 0 0 301888 0 100 28 0 0 0 0 16180 135 6 0 1 25 1 0 0 0 0 0 0 0 0 0 0 0 0 0
20161115 17:41:30.008 2 0 0 0 0 0 0 98 2 0 0 30 31 0 145 1 0.00 0.01 0.05 1 0 1024436 957736 66700 0 158248 444860 77356 67588 257328 794336 0 0 0 0 0 0 548 0 0 301888 0 0 0 0 0 0 0 16184 135 6 0 0 25 1 0 0 0 0 0 25 25 0 99 99 0 0 0
20161115 17:41:31.001 2 0 1 0 0 0 0 97 3 0 0 29 64 2 147 0 0.00 0.01 0.05 0 0 1024436 958356 66080 0 158248 444864 77360 67644 258144 794336 0 0 0 0 0 0 548 0 0 301888 0 0 478 0 0 0 0 16188 138 7 0 0 26 2 0 0 0 0 0 0 0 0 0 0 0 0 0
20161115 17:41:32.001 0 0 1 0 0 0 0 99 1 0 0 29 82 0 147 0 0.00 0.01 0.05 0 0 1024436 958604 65832 0 158248 444864 77360 67708 258424 794336 0 0 0 0 0 0 612 0 0 301888 0 60 144 0 0 0 0 16188 139 7 0 0 26 2 0 0 0 0 0 15 15 0 60 60 0 0 0
20161115 17:41:33.001 0 0 0 0 0 0 0 100 0 0 0 19 39 0 147 0 0.00 0.01 0.05 0 0 1024436 958604 65832 0 158248 444864 77360 67708 258436 794336 0 0 0 0 0 0 616 0 0 301888 0 0 0 0 0 0 0 16188 139 7 0 0 26 1 0 0 0 0 0 0 0 0 0 0 0 0 0
20161115 17:41:34.001 2 0 0 0 0 0 0 98 2 0 0 19 40 0 147 0 0.00 0.01 0.05 0 0 1024436 958604 65832 0 158248 444864 77360 67712 258448 794336 0 0 0 0 0 0 628 0 0 301888 0 0 15 0 0 0 0 16188 138 7 0 0 26 0 0 0 0 0 0 0 0 0 0 0 0 0 0
20161115 17:41:35.001 0 0 0 0 0 0 0 100 0 0 0 21 39 0 147 0 0.00 0.01 0.05 0 0 1024436 958852 65584 0 158248 444864 77476 67712 258448 794336 0 0 0 0 0 0 48 0 0 301888 0 580 3 0 0 0 0 16304 138 7 0 0 26 1 0 0 0 0 0 107 107 0 580 580 0 0 0
20161115 17:41:36.001 0 0 0 0 0 0 0 100 0 0 0 12 27 0 147 0 0.00 0.01 0.05 0 0 1024436 958852 65584 0 158248 444864 77476 67712 258448 794336 0 0 0 0 0 0 48 0 0 301888 0 0 0 0 0 0 0 16304 138 7 0 0 26 1 0 0 0 0 0 0 0 0 0 0 0 0 0
20161115 17:41:37.001 1 0 1 0 0 0 0 98 2 0 0 30 63 0 147 0 0.00 0.01 0.05 0 0 1024436 958852 65584 0 158248 444864 77476 67712 258448 794336 0 0 0 0 0 0 224 0 0 301888 0 68 38 0 0 0 0 16304 138 7 0 0 26 1 0 0 0 0 0 17 17 0 68 68 0 0 0
20161115 17:41:38.001 1 0 0 0 0 0 0 99 1 0 0 15 34 0 147 0 0.00 0.01 0.05 0 0 1024436 958852 65584 0 158248 444864 77464 67712 258448 794336 0 0 0 0 0 0 216 0 0 301888 0 0 0 0 0 0 0 16292 138 7 0 0 26 1 0 0 0 0 0 0 0 0 0 0 0 0 0
20161115 17:41:39.001 0 0 0 0 0 0 0 100 0 0 0 22 53 0 147 0 0.00 0.01 0.05 0 0 1024436 958852 65584 0 158248 444864 77464 67716 258452 794336 0 0 0 0 0 0 228 0 0 301888 0 0 13 0 0 0 0 16292 138 7 0 0 26 1 0 0 0 0 0 0 0 0 0 0 0 0 0
20161115 17:41:40.008 2 0 0 0 0 0 0 98 2 0 0 17 39 0 147 1 0.00 0.01 0.05 1 0 1024436 958852 65584 0 158248 444864 77452 67716 258452 794336 0 0 0 0 0 0 228 0 0 301888 0 0 0 0 0 0 0 16284 138 7 0 0 26 1 0 0 0 0 0 0 0 0 0 0 0 0 0
20161115 17:41:41.001 0 0 0 0 0 0 0 100 0 0 0 23 52 0 147 0 0.00 0.01 0.05 0 0 1024436 958976 65460 0 158248 444884 77416 67716 258452 794336 0 0 0 0 0 0 256 0 0 301896 0 0 7 0 0 0 0 16248 138 7 0 0 26 0 0 0 0 0 0 0 0 0 0 0 0 0 0
20161115 17:41:42.001 1 0 0 0 0 0 0 99 1 0 0 16 36 0 147 0 0.00 0.01 0.05 0 0 1024436 958976 65460 0 158248 444884 77416 67716 258456 794336 0 0 0 0 0 0 256 0 0 301896 0 0 4 0 0 0 0 16248 138 7 0 0 26 1 0 0 0 0 0 0 0 0 0 0 0 0 0
20161115 17:41:43.001 1 0 0 0 0 0 0 99 1 0 0 21 50 0 147 0 0.00 0.01 0.05 0 0 1024436 958976 65460 0 158248 444884 77416 67716 258456 794336 0 0 0 0 0 0 256 0 0 301896 0 0 0 0 0 0 0 16248 138 7 0 0 26 1 0 0 0 0 0 0 0 0 0 0 0 0 0
20161115 17:41:44.001 0 0 1 0 0 0 0 99 1 0 0 22 49 0 147 0 0.00 0.01 0.05 0 0 1024436 958944 65492 0 158252 444884 77412 67716 258460 794336 0 0 0 0 0 0 264 0 0 301896 0 28 8 0 0 0 0 16248 138 7 0 0 26 0 0 0 0 0 0 7 7 0 28 28 0 0 0
20161115 17:41:45.001 1 0 0 0 0 0 0 99 1 0 0 19 42 0 147 0 0.00 0.01 0.05 0 0 1024436 958944 65492 0 158252 444884 77412 67716 258460 794336 0 0 0 0 0 0 264 0 0 301896 0 0 3 0 0 0 0 16248 138 7 0 0 26 1 0 0 0 0 0 0 0 0 0 0 0 0 0
20161115 17:41:46.001 0 0 0 0 0 0 0 100 0 0 0 12 26 0 147 0 0.00 0.01 0.05 0 0 1024436 958944 65492 0 158252 444884 77396 67716 258460 794336 0 0 0 0 0 0 264 0 0 301896 0 0 0 0 0 0 0 16232 138 7 0 0 26 1 0 0 0 0 0 0 0 0 0 0 0 0 0
20161115 17:41:47.001 1 0 0 0 0 0 0 99 1 0 0 23 57 0 145 0 0.00 0.01 0.05 0 0 1024436 957796 66640 0 158252 444880 77400 67596 257340 794336 0 0 0 0 0 0 320 0 0 301896 0 0 40 0 0 0 0 16236 135 6 0 0 25 0 0 0 0 0 0 0 0 0 0 0 0 0 0
20161115 17:41:48.001 2 0 0 0 0 0 0 98 2 0 0 25 57 2 147 0 0.00 0.01 0.05 0 0 1024436 958324 66112 0 158252 444884 77404 67616 258116 794336 0 0 0 0 0 0 320 0 0 301896 0 0 454 0 0 0 0 16240 138 7 0 0 26 1 0 0 0 0 0 0 0 0 0 0 0 0 0
20161115 17:41:49.001 1 0 0 0 0 0 0 99 1 0 0 25 49 0 147 0 0.00 0.01 0.05 0 0 1024436 958324 66112 0 158256 444880 77404 67680 258160 794336 0 0 0 0 0 0 320 0 0 301896 0 24 40 0 0 0 0 16240 139 7 0 0 26 1 0 0 0 0 0 6 6 0 24 24 0 0 0
20161115 17:41:50.004 2 0 0 0 0 0 0 98 2 0 0 27 75 0 147 1 0.00 0.01 0.05 1 0 1024436 958696 65740 0 158256 444884 77380 67684 258448 794336 0 0 0 0 0 0 380 0 0 301896 0 0 131 0 0 0 0 16220 139 7 0 0 26 0 0 0 0 0 0 0 0 0 0 0 0 0 0
20161115 17:41:51.001 1 0 1 0 0 0 0 98 2 0 0 21 51 0 147 0 0.00 0.01 0.05 0 0 1024436 958696 65740 0 158256 444884 77380 67684 258452 794336 0 0 0 0 0 0 380 0 0 301896 0 0 13 0 0 0 0 16220 138 7 0 0 26 1 0 0 0 0 0 0 0 0 0 0 0 0 0
20161115 17:41:52.001 0 0 0 0 0 0 0 100 0 0 0 20 36 0 147 0 0.00 0.01 0.05 0 0 1024436 958664 65772 0 158256 444884 77380 67684 258460 794336 0 0 0 0 0 0 388 0 0 301896 0 0 3 0 0 0 0 16220 138 7 0 0 26 1 0 0 0 0 0 0 0 0 0 0 0 0 0
20161115 17:41:53.001 1 0 0 0 0 0 0 99 1 0 0 19 42 0 147 0 0.00 0.01 0.05 0 0 1024436 958664 65772 0 158256 444884 77380 67684 258460 794336 0 0 0 0 0 0 388 0 0 301896 0 0 0 0 0 0 0 16220 138 7 0 0 26 1 0 0 0 0 0 0 0 0 0 0 0 0 0
20161115 17:41:54.001 1 0 0 0 0 0 0 99 1 0 0 14 28 0 147 0 0.00 0.01 0.05 0 0 1024436 958664 65772 0 158256 444884 77364 67684 258460 794336 0 0 0 0 0 0 388 0 0 301896 0 0 0 0 0 0 0 16204 138 7 0 0 26 1 0 0 0 0 0 0 0 0 0 0 0 0 0
20161115 17:41:55.001 0 0 1 0 0 0 0 99 1 0 0 40 115 1 147 0 0.00 0.01 0.05 0 0 1024436 959160 65276 0 158256 444884 77384 67684 258460 798476 0 0 0 0 0 0 396 0 0 301896 0 52 520 0 0 0 0 16212 138 7 0 0 26 1 0 0 0 0 0 11 11 0 52 52 0 0 0
20161115 17:41:56.001 1 0 0 0 0 0 0 99 1 0 0 11 26 0 147 0 0.00 0.01 0.05 0 0 1024436 959160 65276 0 158256 444884 77384 67684 258460 798476 0 0 0 0 0 0 396 0 0 301896 0 0 0 0 0 0 0 16212 138 7 0 0 26 1 0 0 0 0 0 0 0 0 0 0 0 0 0
20161115 17:41:57.001 0 0 0 0 0 0 0 100 0 0 0 29 66 0 147 0 0.00 0.01 0.05 0 0 1024436 959160 65276 0 158256 444884 77384 67684 258464 798476 0 0 0 0 0 0 400 0 0 301896 0 0 12 0 0 0 0 16212 138 7 0 0 26 1 0 0 0 0 0 0 0 0 0 0 0 0 0
20161115 17:41:58.001 1 0 0 0 0 0 0 99 1 0 0 16 35 0 147 0 0.00 0.01 0.05 0 0 1024436 959160 65276 0 158256 444884 77380 67684 258464 798476 0 0 0 0 0 0 400 0 0 301896 0 0 0 0 0 0 0 16208 138 7 0 0 26 1 0 0 0 0 0 0 0 0 0 0 0 0 0
20161115 17:41:59.001 0 0 0 0 0 0 0 100 0 0 0 17 42 0 147 0 0.00 0.01 0.05 0 0 1024436 959160 65276 0 158256 444884 77380 67684 258464 798476 0 0 0 0 0 0 400 0 0 301896 0 0 7 0 0 0 0 16208 138 7 0 0 26 1 0 0 0 0 0 0 0 0 0 0 0 0 0
20161115 17:42:00.008 1 0 0 1 0 0 0 98 1 0 0 26 54 0 147 1 0.00 0.01 0.05 1 0 1024436 959352 65084 0 158256 444888 77380 67684 258468 798476 0 0 0 0 0 0 408 0 0 301900 0 56 4 0 0 0 0 16208 138 7 0 0 26 1 0 0 0 0 0 14 14 0 56 56 0 0 0
20161115 17:42:01.001 12 0 2 0 0 0 0 86 14 0 0 47 110 0 147 0 0.00 0.01 0.05 0 0 1024436 959352 65084 0 158256 444888 77380 67684 258468 798476 0 0 0 0 0 0 408 0 0 301900 0 0 0 0 0 0 0 16208 138 7 0 0 26 1 0 0 0 0 0 0 0 0 0 0 0 0 0
20161115 17:42:02.001 1 0 0 0 0 0 0 99 1 0 0 24 48 0 147 0 0.00 0.01 0.05 0 0 1024436 959356 65080 0 158256 444888 77364 67684 258472 798476 0 0 0 0 0 0 412 0 0 301896 0 0 8 0 0 0 0 16192 138 7 0 0 26 1 0 0 0 0 0 0 0 0 0 0 0 0 0
################################################################################
# Collectl:   V3.7.4-1  HiRes: 1  Options: -scmsd -i 1 -R 1m -oDm -P -f/tmp 
# Host:       resource-adaptor  DaemonOpts: 
# Booted:     1478806339.97 [20161110-19:32:19]
# Distro:     debian 8.6  Platform: Droplet
# Date:       20161115-213149  Secs: 1479245509 TZ: +0000
# SubSys:     cmsd Options: Dm Interval: 1 NumCPUs: 1  NumBud: 0 Flags: i
# Filters:    NfsFilt:  EnvFilt:  TcpFilt: ituc
# HZ:         100  Arch: x86_64-linux-gnu-thread-multi PageSize: 4096
# Cpu:        GenuineIntel Speed(MHz): 2399.998 Cores: 1  Siblings: 1 Nodes: 1
# Kernel:     3.16.0-4-amd64  Memory: 1024436 kB  Swap: 0 kB
# NumDisks:   1 DiskNames: vda
# NumNets:    6 NetNames: lo:?? veth1cb7fa5:10000 eth1:?? vetha59ff22:10000 docker0:?? eth0:??
################################################################################
#Date Time [CPU]User% [CPU]Nice% [CPU]Sys% [CPU]Wait% [CPU]Irq% [CPU]Soft% [CPU]Steal% [CPU]Idle% [CPU]Totl% [CPU]Guest% [CPU]GuestN% [CPU]Intrpt/sec [CPU]Ctx/sec [CPU]Proc/sec [CPU]ProcQue [CPU]ProcRun [CPU]L-Avg1 [CPU]L-Avg5 [CPU]L-Avg15 [CPU]RunTot [CPU]BlkTot [MEM]Tot [MEM]Used [MEM]Free [MEM]Shared [MEM]Buf [MEM]Cached [MEM]Slab [MEM]Map [MEM]Anon [MEM]Commit [MEM]Locked [MEM]SwapTot [MEM]SwapUsed [MEM]SwapFree [MEM]SwapIn [MEM]SwapOut [MEM]Dirty [MEM]Clean [MEM]Laundry [MEM]Inactive [MEM]PageIn [MEM]PageOut [MEM]PageFaults [MEM]PageMajFaults [MEM]HugeTotal [MEM]HugeFree [MEM]HugeRsvd [MEM]SUnreclaim [SOCK]Used [SOCK]Tcp [SOCK]Orph [SOCK]Tw [SOCK]Alloc [SOCK]Mem [SOCK]Udp [SOCK]Raw [SOCK]Frag [SOCK]FragMem [DSK]ReadTot [DSK]WriteTot [DSK]OpsTot [DSK]ReadKBTot [DSK]WriteKBTot [DSK]KbTot [DSK]ReadMrgTot [DSK]WriteMrgTot [DSK]MrgTot
20161115 21:31:51.001 1 0 0 0 0 0 0 99 1 0 0 42 100 0 200 0 0.00 0.01 0.05 0 0 1024436 774680 249756 0 34988 383108 78696 91832 256316 1237748 0 0 0 0 0 0 368 0 0 150416 0 0 33 0 0 0 0 16020 138 6 0 0 27 1 0 0 0 0 0 0 0 0 0 0 0 0 0
20161115 21:31:52.001 1 0 0 0 0 0 0 99 1 0 0 26 64 0 200 0 0.00 0.01 0.05 0 0 1024436 774680 249756 0 34988 383108 78668 91832 256336 1237748 0 0 0 0 0 0 368 0 0 150416 0 0 67 0 0 0 0 15992 138 6 0 0 27 1 0 0 0 0 0 0 0 0 0 0 0 0 0
20161115 21:31:53.001 0 0 0 0 0 0 0 100 0 0 0 38 97 0 200 0 0.00 0.01 0.05 0 0 1024436 774680 249756 0 34992 383104 78668 91832 256352 1237748 0 0 0 0 0 0 372 0 0 150416 0 56 11 0 0 0 0 15992 138 6 0 0 27 1 0 0 0 0 0 14 14 0 56 56 0 0 0
20161115 21:31:54.001 0 0 0 0 0 0 0 100 0 0 0 25 59 0 200 0 0.00 0.01 0.05 0 0 1024436 774680 249756 0 34992 383108 78668 91832 256352 1237748 0 0 0 0 0 0 404 0 0 150416 0 0 0 0 0 0 0 15992 138 6 0 0 27 1 0 0 0 0 0 0 0 0 0 0 0 0 0
20161115 21:31:55.001 1 0 1 0 0 0 0 98 2 0 0 29 74 0 200 0 0.00 0.01 0.05 0 0 1024436 774680 249756 0 34992 383108 78668 91832 256352 1237748 0 0 0 0 0 0 404 0 0 150416 0 0 8 0 0 0 0 15992 138 6 0 0 27 1 0 0 0 0 0 0 0 0 0 0 0 0 0
20161115 21:31:56.001 0 0 0 0 0 0 0 100 0 0 0 29 69 0 200 0 0.00 0.01 0.05 0 0 1024436 774676 249760 0 34992 383108 78640 91832 256356 1237748 0 0 0 0 0 0 408 0 0 150416 0 0 3 0 0 0 0 15972 138 6 0 0 27 1 0 0 0 0 0 0 0 0 0 0 0 0 0
20161115 21:31:57.001 4 0 0 0 0 0 0 96 4 0 0 93 182 0 200 0 0.00 0.01 0.05 0 0 1024436 774676 249760 0 34992 383108 78640 91832 256364 1237748 0 0 0 0 0 0 408 0 0 150416 0 0 2 0 0 0 0 15972 138 6 0 0 27 1 0 0 0 0 0 0 0 0 0 0 0 0 0
20161115 21:31:58.001 1 0 0 0 0 0 0 99 1 0 0 38 97 0 198 0 0.08 0.03 0.05 0 0 1024436 773156 251280 0 34992 383104 78628 91736 255244 1237748 0 0 0 0 0 0 468 0 0 150416 0 0 41 0 0 0 0 15960 135 5 0 1 26 0 0 0 0 0 0 0 0 0 0 0 0 0 0
20161115 21:31:59.001 0 0 0 0 0 0 0 100 0 0 0 28 66 0 198 0 0.08 0.03 0.05 0 0 1024436 773124 251312 0 34992 383104 78632 91736 255244 1237748 0 0 0 0 0 0 468 0 0 150416 0 0 0 0 0 0 0 15964 135 5 0 0 26 0 0 0 0 0 0 0 0 0 0 0 0 0 0
20161115 21:32:00.004 3 0 1 0 0 0 0 96 4 0 0 59 150 3 200 1 0.08 0.03 0.05 1 0 1024436 774272 250164 0 34992 383108 78620 91800 256044 1237748 0 0 0 0 0 0 468 0 0 150424 0 28 980 0 0 0 0 15944 138 6 0 0 27 1 0 0 0 0 0 5 5 0 28 28 0 0 0
20161115 21:32:01.001 14 0 1 0 0 0 0 85 15 0 0 77 188 0 200 0 0.08 0.03 0.05 0 0 1024436 774272 250164 0 35000 383100 78632 91812 256320 1237748 0 0 0 0 0 0 520 0 0 150416 0 60 140 0 0 0 0 15956 138 6 0 0 27 1 0 0 0 0 0 15 15 0 60 60 0 0 0
20161115 21:32:02.001 1 0 0 0 0 0 0 99 1 0 0 35 82 0 200 0 0.08 0.03 0.05 0 0 1024436 774272 250164 0 35000 383112 78632 91832 256352 1237748 0 0 0 0 0 0 560 0 0 150416 0 0 15 0 0 0 0 15956 139 6 0 0 27 0 0 0 0 0 0 0 0 0 0 0 0 0 0
20161115 21:32:03.001 0 0 0 0 0 0 0 100 0 0 0 29 74 0 200 0 0.08 0.03 0.05 0 0 1024436 774272 250164 0 35000 383112 78632 91832 256352 1237748 0 0 0 0 0 0 560 0 0 150416 0 0 0 0 0 0 0 15956 139 6 0 0 27 0 0 0 0 0 0 0 0 0 0 0 0 0 0
20161115 21:32:04.001 0 0 0 0 0 0 0 100 0 0 0 29 73 0 200 0 0.08 0.03 0.05 0 0 1024436 774272 250164 0 35000 383112 78628 91836 256360 1237748 0 0 0 0 0 0 572 0 0 150420 0 0 14 0 0 0 0 15952 138 6 0 0 27 0 0 0 0 0 0 0 0 0 0 0 0 0 0
20161115 21:32:05.001 1 0 0 0 0 0 0 99 1 0 0 30 72 0 200 0 0.08 0.03 0.05 0 0 1024436 774272 250164 0 35000 383112 78628 91836 256360 1237748 0 0 0 0 0 0 572 0 0 150416 0 0 3 0 0 0 0 15952 138 6 0 0 27 1 0 0 0 0 0 0 0 0 0 0 0 0 0
20161115 21:32:06.001 1 0 0 0 0 0 0 99 1 0 0 33 82 0 200 0 0.08 0.03 0.05 0 0 1024436 774272 250164 0 35008 383104 78628 91836 256360 1237748 0 0 0 0 0 0 572 0 0 150416 0 24 7 0 0 0 0 15952 138 6 0 0 27 1 0 0 0 0 0 6 6 0 24 24 0 0 0
20161115 21:32:07.001 0 0 0 0 0 1 0 99 1 0 0 37 82 0 200 0 0.08 0.03 0.05 0 0 1024436 774272 250164 0 35008 383112 78628 91836 256360 1237748 0 0 0 0 0 0 576 0 0 150416 0 0 4 0 0 0 0 15952 138 6 0 0 27 1 0 0 0 0 0 0 0 0 0 0 0 0 0
20161115 21:32:08.001 0 0 0 0 0 0 0 100 0 0 0 25 65 0 200 0 0.07 0.03 0.05 0 0 1024436 774272 250164 0 35008 383112 78608 91836 256360 1237748 0 0 0 0 0 0 576 0 0 150416 0 0 0 0 0 0 0 15932 138 6 0 0 27 1 0 0 0 0 0 0 0 0 0 0 0 0 0
20161115 21:32:09.001 1 0 0 0 0 0 0 99 1 0 0 28 69 0 200 0 0.07 0.03 0.05 0 0 1024436 774272 250164 0 35008 383112 78608 91836 256360 1237748 0 0 0 0 0 0 576 0 0 150416 0 0 0 0 0 0 0 15932 138 6 0 0 27 1 0 0 0 0 0 0 0 0 0 0 0 0 0
20161115 21:32:10.008 1 0 1 0 0 0 0 98 2 0 0 33 75 0 200 1 0.07 0.03 0.05 1 0 1024436 774272 250164 0 35008 383116 78608 91836 256368 1237748 0 0 0 0 0 0 588 0 0 150420 0 0 10 0 0 0 0 15932 138 6 0 0 27 0 0 0 0 0 0 0 0 0 0 0 0 0 0
20161115 21:32:11.001 1 0 0 0 0 0 0 99 1 0 0 30 81 0 200 0 0.07 0.03 0.05 0 0 1024436 774240 250196 0 35008 383116 78608 91836 256368 1237748 0 0 0 0 0 0 588 0 0 150420 0 0 3 0 0 0 0 15932 138 6 0 0 27 1 0 0 0 0 0 0 0 0 0 0 0 0 0
20161115 21:32:12.001 0 0 0 0 0 0 0 100 0 0 0 33 76 0 200 0 0.07 0.03 0.05 0 0 1024436 774240 250196 0 35012 383112 78568 91836 256368 1237748 0 0 0 0 0 0 588 0 0 150420 0 24 0 0 0 0 0 15904 138 6 0 0 27 1 0 0 0 0 0 6 6 0 24 24 0 0 0
20161115 21:32:13.001 1 0 0 0 0 0 0 99 1 0 0 39 97 0 200 0 0.06 0.03 0.05 0 0 1024436 774240 250196 0 35012 383116 78568 91836 256368 1237748 0 0 0 0 0 0 592 0 0 150416 0 0 10 0 0 0 0 15904 138 6 0 0 27 1 0 0 0 0 0 0 0 0 0 0 0 0 0
20161115 21:32:14.001 0 0 0 2 0 0 0 98 0 0 0 39 83 0 200 0 0.06 0.03 0.05 0 0 1024436 774364 250072 0 35028 383116 78660 91836 256368 1237748 0 0 0 0 0 0 268 0 0 150416 0 368 1 0 0 0 0 15992 138 6 0 0 27 1 0 0 0 0 0 84 84 0 368 368 0 0 0
20161115 21:32:15.001 0 0 0 0 0 0 0 100 0 0 0 28 78 0 200 0 0.06 0.03 0.05 0 0 1024436 774364 250072 0 35036 383108 78660 91836 256372 1237748 0 0 0 0 0 0 372 0 0 150416 0 24 38 0 0 0 0 15992 138 6 0 0 27 1 0 0 0 0 0 6 6 0 24 24 0 0 0
20161115 21:32:16.001 1 0 0 0 0 0 0 99 1 0 0 29 69 0 200 0 0.06 0.03 0.05 0 0 1024436 774364 250072 0 35036 383116 78660 91836 256376 1237748 0 0 0 0 0 0 384 0 0 150416 0 0 3 0 0 0 0 15992 138 6 0 0 27 1 0 0 0 0 0 0 0 0 0 0 0 0 0
20161115 21:32:17.001 0 0 0 0 0 0 0 100 0 0 0 25 61 0 200 0 0.06 0.03 0.05 0 0 1024436 774364 250072 0 35036 383116 78664 91836 256376 1237748 0 0 0 0 0 0 328 0 0 150416 0 56 0 0 0 0 0 15992 138 6 0 0 27 1 0 0 0 0 0 1 1 0 56 56 0 0 0
20161115 21:32:18.001 1 0 0 0 0 0 0 99 1 0 0 37 94 0 198 0 0.06 0.03 0.05 0 0 1024436 773216 251220 0 35036 383112 78652 91744 255260 1237748 0 0 0 0 0 0 388 0 0 150416 0 0 42 0 0 0 0 15980 135 5 0 1 26 0 0 0 0 0 0 0 0 0 0 0 0 0 0
20161115 21:32:19.001 0 0 0 0 0 0 0 100 0 0 0 25 59 0 198 0 0.06 0.03 0.05 0 0 1024436 773216 251220 0 35036 383112 78656 91744 255260 1237748 0 0 0 0 0 0 388 0 0 150416 0 0 0 0 0 0 0 15984 135 5 0 0 26 0 0 0 0 0 0 0 0 0 0 0 0 0 0
20161115 21:32:20.004 3 0 1 0 0 0 0 96 4 0 0 40 92 2 200 1 0.06 0.03 0.05 1 0 1024436 773996 250440 0 35036 383116 78636 91820 256076 1237748 0 0 0 0 0 0 388 0 0 150416 0 0 473 0 0 0 0 15964 138 6 0 0 27 1 0 0 0 0 0 0 0 0 0 0 0 0 0
20161115 21:32:21.001 1 0 0 0 0 0 0 99 1 0 0 48 128 0 200 0 0.06 0.03 0.05 0 0 1024436 774336 250100 0 35044 383116 78636 91824 256364 1237748 0 0 0 0 0 0 444 0 0 150416 0 36 152 0 0 0 0 15964 139 6 0 0 27 1 0 0 0 0 0 9 9 0 36 36 0 0 0
20161115 21:32:22.001 1 0 0 1 0 0 0 98 1 0 0 38 73 0 200 0 0.06 0.03 0.05 0 0 1024436 774336 250100 0 35044 383116 78668 91824 256364 1237748 0 0 0 0 0 0 0 0 0 150404 0 408 0 0 0 0 0 15996 139 6 0 0 27 0 0 0 0 0 0 84 84 0 408 408 0 1 1
20161115 21:32:23.001 2 0 1 0 0 0 0 97 3 0 0 40 100 2 202 0 0.05 0.03 0.05 0 0 1024436 775484 248952 0 35044 383116 78704 91824 257128 1241768 0 0 0 0 0 0 128 0 0 150404 0 0 478 0 0 0 0 16032 141 7 0 0 28 3 0 0 0 0 0 0 0 0 0 0 0 0 0
20161115 21:32:24.001 1 0 1 0 0 0 0 98 2 0 0 49 104 2 204 0 0.05 0.03 0.05 0 0 1024436 776632 247804 0 35044 383124 78764 91856 257972 1241768 0 0 0 0 0 0 128 0 0 150404 0 0 495 0 0 0 0 16092 144 8 0 0 29 3 0 0 0 0 0 0 0 0 0 0 0 0 0
20161115 21:32:25.001 4 0 2 0 0 0 0 94 6 0 0 75 179 4 204 0 0.05 0.03 0.05 0 0 1024436 777592 246844 0 35044 383124 78840 91872 258300 1245888 0 0 0 0 0 0 200 0 0 150396 0 0 1097 0 0 0 0 16164 145 8 0 0 29 2 0 0 0 0 0 0 0 0 0 0 0 0 0
20161115 21:32:26.001 0 0 0 0 0 0 0 100 0 0 0 35 79 0 204 0 0.05 0.03 0.05 0 0 1024436 777592 246844 0 35052 383116 78828 91872 258300 1245888 0 0 0 0 0 0 260 0 0 150396 0 68 8 0 0 0 0 16152 145 8 0 0 29 1 0 0 0 0 0 17 17 0 68 68 0 0 0
20161115 21:32:27.001 1 0 0 0 0 0 0 99 1 0 0 40 97 0 204 0 0.05 0.03 0.05 0 0 1024436 777592 246844 0 35052 383124 78828 91872 258312 1245888 0 0 0 0 0 0 280 0 0 150396 0 0 20 0 0 0 0 16152 144 8 0 0 29 2 0 0 0 0 0 0 0 0 0 0 0 0 0
20161115 21:32:28.001 0 0 1 0 0 0 0 99 1 0 0 37 90 0 204 0 0.13 0.04 0.05 0 0 1024436 777592 246844 0 35052 383124 78808 91872 258316 1245888 0 0 0 0 0 0 288 0 0 150396 0 0 18 0 0 0 0 16132 144 8 0 0 29 3 0 0 0 0 0 0 0 0 0 0 0 0 0
20161115 21:32:29.001 1 0 0 0 0 0 0 99 1 0 0 35 85 0 204 0 0.13 0.04 0.05 0 0 1024436 777592 246844 0 35052 383124 78808 91872 258324 1245888 0 0 0 0 0 0 292 0 0 150396 0 0 6 0 0 0 0 16132 144 8 0 0 29 3 0 0 0 0 0 0 0 0 0 0 0 0 0
20161115 21:32:30.008 1 0 0 0 0 0 0 99 1 0 0 30 67 0 204 1 0.13 0.04 0.05 1 0 1024436 777592 246844 0 35052 383124 78808 91872 258324 1245888 0 0 0 0 0 0 292 0 0 150396 0 0 0 0 0 0 0 16132 144 8 0 0 29 3 0 0 0 0 0 0 0 0 0 0 0 0 0
20161115 21:32:31.001 1 0 0 0 0 0 0 99 1 0 0 52 136 0 202 0 0.13 0.04 0.05 0 0 1024436 776072 248364 0 35052 383124 78716 91860 257204 1241768 0 0 0 0 0 0 328 0 0 150400 0 0 27 0 0 0 0 16040 141 7 0 0 28 3 0 0 0 0 0 0 0 0 0 0 0 0 0
20161115 21:32:32.001 0 0 0 0 0 0 0 100 0 0 0 31 74 0 202 0 0.13 0.04 0.05 0 0 1024436 776040 248396 0 35060 383116 78700 91860 257208 1241768 0 0 0 0 0 0 328 0 0 150400 0 24 1 0 0 0 0 16028 141 7 0 0 28 3 0 0 0 0 0 6 6 0 24 24 0 0 0
20161115 21:32:33.001 1 0 0 0 0 0 0 99 1 0 0 27 70 0 202 0 0.12 0.04 0.05 0 0 1024436 776040 248396 0 35060 383124 78700 91860 257208 1241768 0 0 0 0 0 0 328 0 0 150400 0 0 0 0 0 0 0 16028 141 7 0 0 28 3 0 0 0 0 0 0 0 0 0 0 0 0 0
20161115 21:32:34.001 1 0 1 0 0 0 0 98 2 0 0 48 119 2 202 0 0.12 0.04 0.05 0 0 1024436 776056 248380 0 35060 383124 78700 91864 257212 1241768 0 0 0 0 0 0 336 0 0 150396 0 0 476 0 0 0 0 16028 141 7 0 0 28 2 0 0 0 0 0 0 0 0 0 0 0 0 0
20161115 21:32:35.001 1 0 0 0 0 0 0 99 1 0 0 42 125 1 202 0 0.12 0.04 0.05 0 0 1024436 776060 248376 0 35060 383124 78708 91864 257212 1241768 0 0 0 0 0 0 360 0 0 150404 0 24 504 0 0 0 0 16028 141 7 0 0 28 3 0 0 0 0 0 5 5 0 24 24 0 0 0
20161115 21:32:36.001 0 0 0 0 0 0 0 100 0 0 0 27 62 0 202 0 0.12 0.04 0.05 0 0 1024436 776040 248396 0 35060 383124 78700 91864 257216 1241768 0 0 0 0 0 0 360 0 0 150396 0 0 1 0 0 0 0 16020 141 7 0 0 28 2 0 0 0 0 0 0 0 0 0 0 0 0 0
20161115 21:32:37.001 1 0 0 0 0 0 0 99 1 0 0 37 93 0 200 0 0.12 0.04 0.05 0 0 1024436 774460 249976 0 35060 383120 78676 91836 256096 1241768 0 0 0 0 0 0 412 0 0 150396 0 0 40 0 0 0 0 15996 138 6 0 0 27 1 0 0 0 0 0 0 0 0 0 0 0 0 0
20161115 21:32:38.001 2 0 1 0 0 0 0 97 3 0 0 41 89 2 202 0 0.11 0.04 0.05 0 0 1024436 775044 249392 0 35060 383124 78676 91848 256876 1241768 0 0 0 0 0 0 412 0 0 150396 0 0 459 0 0 0 0 15996 141 7 0 0 28 2 0 0 0 0 0 0 0 0 0 0 0 0 0
20161115 21:32:39.001 1 0 0 0 0 0 0 99 1 0 0 32 80 0 202 0 0.11 0.04 0.05 0 0 1024436 775044 249392 0 35068 383116 78676 91848 256920 1241768 0 0 0 0 0 0 412 0 0 150396 0 56 15 0 0 0 0 15996 141 7 0 0 28 2 0 0 0 0 0 14 14 0 56 56 0 0 0
20161115 21:32:40.004 1 0 0 0 0 0 0 99 1 0 0 43 109 0 202 1 0.11 0.04 0.05 1 0 1024436 775384 249052 0 35068 383124 78660 91868 257204 1241768 0 0 0 0 0 0 476 0 0 150396 0 0 146 0 0 0 0 15980 142 7 0 0 28 1 0 0 0 0 0 0 0 0 0 0 0 0 0
20161115 21:32:41.001 1 0 1 0 0 0 0 98 2 0 0 26 67 0 202 0 0.11 0.04 0.05 0 0 1024436 775384 249052 0 35068 383144 78660 91868 257204 1241768 0 0 0 0 0 0 500 0 0 150396 0 0 0 0 0 0 0 15980 142 7 0 0 28 1 0 0 0 0 0 0 0 0 0 0 0 0 0
20161115 21:32:42.001 1 0 0 0 0 0 0 99 1 0 0 36 80 0 202 0 0.11 0.04 0.05 0 0 1024436 775384 249052 0 35068 383144 78660 91868 257212 1241768 0 0 0 0 0 0 512 0 0 150404 0 0 13 0 0 0 0 15980 141 7 0 0 28 1 0 0 0 0 0 0 0 0 0 0 0 0 0
20161115 21:32:43.001 0 0 0 0 0 0 0 100 0 0 0 33 84 0 202 0 0.10 0.04 0.05 0 0 1024436 775384 249052 0 35068 383144 78660 91868 257212 1241768 0 0 0 0 0 0 512 0 0 150404 0 0 3 0 0 0 0 15980 141 7 0 0 28 2 0 0 0 0 0 0 0 0 0 0 0 0 0
20161115 21:32:44.001 1 0 0 0 0 0 0 99 1 0 0 24 60 0 202 0 0.10 0.04 0.05 0 0 1024436 775384 249052 0 35068 383144 78648 91868 257212 1241768 0 0 0 0 0 0 512 0 0 150404 0 0 0 0 0 0 0 15968 141 7 0 0 28 2 0 0 0 0 0 0 0 0 0 0 0 0 0
20161115 21:32:45.001 0 0 0 0 0 0 0 100 0 0 0 32 80 0 202 0 0.10 0.04 0.05 0 0 1024436 775384 249052 0 35076 383144 78648 91868 257216 1241768 0 0 0 0 0 0 520 0 0 150404 0 28 8 0 0 0 0 15968 141 7 0 0 28 2 0 0 0 0 0 7 7 0 28 28 0 0 0
20161115 21:32:46.001 1 0 0 0 0 0 0 99 1 0 0 33 70 0 202 0 0.10 0.04 0.05 0 0 1024436 775384 249052 0 35076 383144 78648 91868 257216 1241768 0 0 0 0 0 0 520 0 0 150404 0 0 3 0 0 0 0 15968 141 7 0 0 28 2 0 0 0 0 0 0 0 0 0 0 0 0 0
20161115 21:32:47.001 1 0 1 1 0 0 0 97 2 0 0 74 103 0 202 0 0.10 0.04 0.05 0 0 1024436 775632 248804 0 35076 383144 78736 91868 257216 1241768 0 0 0 0 0 0 104 0 0 150404 0 496 37 0 0 0 0 16056 141 7 0 0 28 2 0 0 0 0 0 104 104 0 496 496 0 2 2
20161115 21:32:48.001 0 0 0 0 0 0 0 100 0 0 0 33 77 0 202 0 0.09 0.04 0.05 0 0 1024436 775632 248804 0 35076 383148 78728 91868 257220 1241768 0 0 0 0 0 0 128 0 0 150408 0 0 3 0 0 0 0 16052 141 7 0 0 28 2 0 0 0 0 0 0 0 0 0 0 0 0 0
